file=gough-lui-v90-v92-modem-sounds/FF_U/Agere-SV92-QC_R.g711
start_ms=5705.000 mode=carrier-dbpsk carrier_hz=1860.000 sym_rate=3429.000 offset_samples=0.000
symbols=7000
timing_loop=on gain=0.0300 tau_min=-1.3315 tau_max=1.6512 tau_end=-1.0848 rate_corr_min=-0.04438 rate_corr_max=0.05504 rate_corr_end=-0.03616
dbpsk_bits(6999):
00000000000000000000000000000000000000000000000000000100000100000100001000001000001000001000010000010000010000100000000000000000 00000000000000000100000000000000000001000010000000100000010000100000100000100000100001000001000001000010000010000110000010000100 00010000010000000000000000000100001000000010000001000010000000010000000010000100000000000100001000001000011000001000010000010000 01000001000010000010000010000100000001000000100001000001000001000000010000001000000010000100000100000100000001000000000001000000 00000000000000001000010000010111111111110111111000101110000110001011010011000010000000011000010000000100000010000100100010111000 00110010010010000100001000001000100010100000000101010101100000000101000010100001101000001000000100100011001110010000001001011111 00000000110000000000000000000000000000000000000000000000000000000000000000000000000000000000000000000000000000000000000000000000 00000000000000000010000000000000000000100010000010010101000111011001000000000000000000100010000010010001000010101000100000000000 00000010001000001000000100001010110010000000000000000010001000101000000100001011010010000000000000000010001000111000100110011011 01011000000000000000001000100011100010010101110101010000000000000010100001000000001000010100010001010000000101000000111000110000 00100001000000010000001000010000000101000000000000001000000010101011000000000011100110000011010000000000000000000000011111100000 01000000010000000010000000000100010000000000000101010000010100010000110000000000000010110000000010000101001000010000000010010101 01000001010000000000001001000100000101010000000010111000000000100010000101010110000000100100001000000100010000011000010100010001 00010100000000000000001010001001000010110100001100000001010100000010010001010100010101011000000000111010100010110001000000000010 01001000111000010110110101000000100100010000000000000010000000000000101000010000000000001001000010100010000000000000001010000000 01001010010010000100001001000000001000000100000000000000010100000010001010001000000101010000000000000000010000000000010001000000 10000001100111000010010011000101000000000000000111101100000001000010000001010000100000100001000001010001000000000000100000001000 00000010000000000000000010000001100011000110001000000001001010000000101000000000011000101010000000010101010001100100000101000000 10000010010100000001010100100000010000101000000010001000010011000000001011000100100010001001000000100010000000010010000001001000 01001000010000010000000010101010000000000101111100010100000000100000011000001100010000001000000010000000101011000101000101110101 00000000010000000101000110010111000110000000000000001000000000000100010010000110000001010000010001100010101011100000010010000000 01101010101000001100000101000000001010000000100001011100010100000100010000000000110000000101010000010000101000101000000100100100 00100100110000001000100101010101101010000000110001000000001000000000011000000100000000000010000000010000000000100000001000000100 10100000000110010010010001001010001001000000110000000011011001000000110000000000001000100000001100100111010011110010000000010000 00000001010010111001000000010000111100001000110101000000000000000010000000100101000010000010000010000011010011110010000010000010 10000000011001010100000000011000000010100100000001000110110000010000000000010001000000100001001001011111100100000100000000000010 10001000001000101010010010100111100110100100000001010001010010001001000100100010000000101010010001001000100010000100101000001011 01000100100010000010001000000000110000101000000000000100010000100001100000101010101000010101011011000000010000001000100000010000 01000010100001000100101000011100101000010010011000100000001000011000001001000000000000110010100111000000010000000010010000000000 00000000001001000000100000100010000100100000000001000100000000000000000000001100001000010001000010110100000001001000001000100000 00001000000000000011000000000000010011000100011000000101010101100000000101000000000000000001100110000001001000010100100000000000 00000001010001000000100010100000011100100000100100000100000000001000000000100000000000100011100000010000001000100010011001000010 10000011000101001000010000100100000001000000101000001001001000000000000010000000000000000000010111000110000010000010001000011000 00100010100000110000100000000000101000000111000010000000001100000101010000000000010100100001101010011100010101100100100010010000 00101010010100010000000100010000100000000000100010000000110111000000100001101010000100000100000000000000001000011001100001010000 00011100010000100000110100000000101000100010000110001100000000001101000000100100011000001010100010000001010100000000100000010100 00010000000000100000010000000000101000100000101001000100000000010001011000000010100001010100010000100100010010000010010010000000 00101101100110000001101110000100010000011010000000000000000010100011000001000000000100001000000010101100110001001110000000100000 10110000000011110000001000000000000100000000000000000000000011000000110001001010010010000010000000001000000100101100000000010000 00000001001000000100010010001001100010001000010010001000100110100100001100000100010000101000001100000000000000001100100001000001 00001010000000000000000100000000110101000000010000000100100100000010100000000000000000001001010000100000100000111000100000000001 01000101000010110010101011000100110100001000100100100010000100100001100100000010010000010000001000000001010010000100000000100010 00001000100000001000000000011011000000100010000000000000000010000100110001000000111101010100010010001010001000110011000000001000 00010000001101001001000100001000001010000001001000000000000010110000000000010000000010110000000010001000000000000000000000010000 00110010110100000000000000011010010001000111000110100010100100100001011000010000000000100100010000010000001100000011001101101001 00010000010100100001000100010101001100000101100001101000100001000000000000000000010100100000111010000000010000101000100001000110 10100001010000000000000010010100010100100010101010101011000011000010000001000100001101000100100000010000010010010000101110011000 00001010010000001001100110000000000010010000001000010011000000101001010001100000100001011001010100000000001000000001010010010000 10100000001000000000000001001100010011010001010001001000000000000000010000000000100000001010110000000100000000110100000000000100 01101000101001000000000001000000001000000100010110000000000100000000100100001000001010100000000010000000000110100000000010011000 00010000010001000000001011000110000000010000000001001000110000100000100001000000000000000000000100000110100000100010110110000000 00000000100001100000000000001010110100000010010010000000000011010001010100010011000000000000001000000101000000110000011000000101 10000000000110000100010101101001101000000100000010000000010010110110000001001000001000010000100010111001100010001000000000100001 01010010100000000000010001000000100000010000000000000001010111000000101000000001000101010011001001000100000001010101000000100100 001000001011000110010000010000010010010000000000000000010000000000001011100000100001100
dbpsk_bits_inverted(6999):
11111111111111111111111111111111111111111111111111111011111011111011110111110111110111110111101111101111101111011111111111111111 11111111111111111011111111111111111110111101111111011111101111011111011111011111011110111110111110111101111101111001111101111011 11101111101111111111111111111011110111111101111110111101111111101111111101111011111111111011110111110111100111110111101111101111 10111110111101111101111101111011111110111111011110111110111110111111101111110111111101111011111011111011111110111111111110111111 11111111111111110111101111101000000000001000000111010001111001110100101100111101111111100111101111111011111101111011011101000111 11001101101101111011110111110111011101011111111010101010011111111010111101011110010111110111111011011100110001101111110110100000 11111111001111111111111111111111111111111111111111111111111111111111111111111111111111111111111111111111111111111111111111111111 11111111111111111101111111111111111111011101111101101010111000100110111111111111111111011101111101101110111101010111011111111111 11111101110111110111111011110101001101111111111111111101110111010111111011110100101101111111111111111101110111000111011001100100 10100111111111111111110111011100011101101010001010101111111111111101011110111111110111101011101110101111111010111111000111001111 11011110111111101111110111101111111010111111111111110111111101010100111111111100011001111100101111111111111111111111100000011111 10111111101111111101111111111011101111111111111010101111101011101111001111111111111101001111111101111010110111101111111101101010 10111110101111111111110110111011111010101111111101000111111111011101111010101001111111011011110111111011101111100111101011101110 11101011111111111111110101110110111101001011110011111110101011111101101110101011101010100111111111000101011101001110111111111101 10110111000111101001001010111111011011101111111111111101111111111111010111101111111111110110111101011101111111111111110101111111 10110101101101111011110110111111110111111011111111111111101011111101110101110111111010101111111111111111101111111111101110111111 01111110011000111101101100111010111111111111111000010011111110111101111110101111011111011110111110101110111111111111011111110111 11111101111111111111111101111110011100111001110111111110110101111111010111111111100111010101111111101010101110011011111010111111 01111101101011111110101011011111101111010111111101110111101100111111110100111011011101110110111111011101111111101101111110110111 10110111101111101111111101010101111111111010000011101011111111011111100111110011101111110111111101111111010100111010111010001010 11111111101111111010111001101000111001111111111111110111111111111011101101111001111110101111101110011101010100011111101101111111 10010101010111110011111010111111110101111111011110100011101011111011101111111111001111111010101111101111010111010111111011011011 11011011001111110111011010101010010101111111001110111111110111111111100111111011111111111101111111101111111111011111110111111011 01011111111001101101101110110101110110111111001111111100100110111111001111111111110111011111110011011000101100001101111111101111 11111110101101000110111111101111000011110111001010111111111111111101111111011010111101111101111101111100101100001101111101111101 01111111100110101011111111100111111101011011111110111001001111101111111111101110111111011110110110100000011011111011111111111101 01110111110111010101101101011000011001011011111110101110101101110110111011011101111111010101101110110111011101111011010111110100 10111011011101111101110111111111001111010111111111111011101111011110011111010101010111101010100100111111101111110111011111101111 10111101011110111011010111100011010111101101100111011111110111100111110110111111111111001101011000111111101111111101101111111111 11111111110110111111011111011101111011011111111110111011111111111111111111110011110111101110111101001011111110110111110111011111 11110111111111111100111111111111101100111011100111111010101010011111111010111111111111111110011001111110110111101011011111111111 11111110101110111111011101011111100011011111011011111011111111110111111111011111111111011100011111101111110111011101100110111101 01111100111010110111101111011011111110111111010111110110110111111111111101111111111111111111101000111001111101111101110111100111 11011101011111001111011111111111010111111000111101111111110011111010101111111111101011011110010101100011101010011011011101101111 11010101101011101111111011101111011111111111011101111111001000111111011110010101111011111011111111111111110111100110011110101111 11100011101111011111001011111111010111011101111001110011111111110010111111011011100111110101011101111110101011111111011111101011 11101111111111011111101111111111010111011111010110111011111111101110100111111101011110101011101111011011101101111101101101111111 11010010011001111110010001111011101111100101111111111111111101011100111110111111111011110111111101010011001110110001111111011111 01001111111100001111110111111111111011111111111111111111111100111111001110110101101101111101111111110111111011010011111111101111 11111110110111111011101101110110011101110111101101110111011001011011110011111011101111010111110011111111111111110011011110111110 11110101111111111111111011111111001010111111101111111011011011111101011111111111111111110110101111011111011111000111011111111110 10111010111101001101010100111011001011110111011011011101111011011110011011111101101111101111110111111110101101111011111111011101 11110111011111110111111111100100111111011101111111111111111101111011001110111111000010101011101101110101110111001100111111110111 11101111110010110110111011110111110101111110110111111111111101001111111111101111111101001111111101110111111111111111111111101111 11001101001011111111111111100101101110111000111001011101011011011110100111101111111111011011101111101111110011111100110010010110 11101111101011011110111011101010110011111010011110010111011110111111111111111111101011011111000101111111101111010111011110111001 01011110101111111111111101101011101011011101010101010100111100111101111110111011110010111011011111101111101101101111010001100111 11110101101111110110011001111111111101101111110111101100111111010110101110011111011110100110101011111111110111111110101101101111 01011111110111111111111110110011101100101110101110110111111111111111101111111111011111110101001111111011111111001011111111111011 10010111010110111111111110111111110111111011101001111111111011111111011011110111110101011111111101111111111001011111111101100111 11101111101110111111110100111001111111101111111110110111001111011111011110111111111111111111111011111001011111011101001001111111 11111111011110011111111111110101001011111101101101111111111100101110101011101100111111111111110111111010111111001111100111111010 01111111111001111011101010010110010111111011111101111111101101001001111110110111110111101111011101000110011101110111111111011110 10101101011111111111101110111111011111101111111111111110101000111111010111111110111010101100110110111011111110101010111111011011 110111110100111001101111101111101101101111111111111111101111111111110100011111011110011
dbpsk_quadrant_imag_sign(6999):
11110010011110011100011100011100111000111100111001111001111111111111111111111111111111111111111111111111111111111111111011111011 11101110011111111111011110111110011111111111111001111111111111111111111111111111111111111111111111111111111111111111111111111111 11111111111101111011111001111111111111100111111111111111110111111111011111111111011110011111111111111111111111111111111111111111 11111111111111111111111111111111101111111111111111111111111111111101111111111100111111111111111111111111110111111011100111110111 10111110111110111111111111111011111111101110101101011111111011110100011100000101001000000010010000100001011111010001110011000110 11111111100101011100100000011100100111001011011011101010001100011010101101010011010111010110111011110010111111000001100000111111 00010110110110100011011011011010010110110110101101101101011011011011010110110110110101101101101001011011011011010110110110100101 10110110100101101111011111011011011101111101110111011111001011111000000000000110011110111101110111011111000011001000000000000010 01111111110111011111111100011100100000000000001001111111110111011111111100011001000000000000001001111111100111011111111100011001 00000000000000100111111110011101111111110011100100000000001000100000011110110000010111101100011110010010000001000011111000111110 11010000000001111000000011001001100000010011000100111110110000000010111111000111100111000110101111001000000100101111101111100011 11100000000101100011100000001110010111001000000100000001111110000011010010000100000000110011001000100100010000111001110110111110 01001100000100011100001110110000000000111100110000111000000100100100000100011110111011000110011111011011001110010000000001110000 00000001001111000011000000000011111011101111000011000011100000111010010010000100001110011110011111000000011101100000111000000011 11100111000000010010011111101110011010000111100100001111100100010011001001010000111001001001000010000010111101111110000000001100 01000001111010000001101101110010000000001110000111111001111101011000001000000000111101111111000110000000001000011111111101000000 11000100001010110000001110111111100001001110001011011110001011101110010001010010011001011110100111100011100000011000001110011100 11111100001001111100000110001100010001101111111001000000110100000011110011001111010011000000100000001100010110000011110011000011 01101000010011111110000001011100010100100101100000110011111001110011100000000000001110001000011100000000000001000000111001001000 10000111001101111000001010000011111011001001111111111100111000011001001000000000110001100100111110000100011101111100110000001001 00101001000100010001000101111011101111111000001100101000011000110000010110011100110000010001110100011111110111011111110010110001 11000000011011000000000000011110110010000110000110000001110000010001000011010000111110111001001100111100100000111011100000000010 01110110011100000001110000111000000111110000000001001100001111001100001000100000011111101111111001100110011000110010111001000000 11000001110010111000100001001000111100010011110010001101111000000111100010010010101111000011000010001111110011111000010010000011 11110011000000100001000000000111000010010110000100100110000001110100010011110000011101000001011000000000111000000110000110000000 11110011000000010000010111000001111010111011000001100110000001111110010110000110100110001011101100011110100111011000011001100010 00100001110010000010011111011000000000000000000001010000001000001000001010011000001111110000000011111000110000100010101000110101 11111100001001000000110010110000100011101111001101001100100110100100110011010010001110000000010111001100111011100000000111110010 00101101110100000000100000111110000111101100010000000001001000011111110011110001000010000000100101101011000001101111001111111100 11000100111000001011111000001101110011101111110000111011111111011100100001111111111110111011100000000000001111001001000001000001 10001001010000001111100001100010010011000000000100000000110001111100000000001100011100010111000011001011101011110000000110111001 01000111100000111110000111011011001100001111110001111010100011100110011100001111110000110011000111100011100010001000001001100011 00011001000011111110011100100000111111110000000000110110000110110001001000000000011110101100010011000001000001001000011001111111 00100011000010000000100011110100000110001110110010100100100111000000011101111100001111001101000100001000111110000000000001000110 11000011101111110010100101110000111100000100010000101100111000001110101100000000011000011111010010000011000000000000000100010100 00111010001101100010000011000001100000001110010000000111000110111000000001011010000000000011100101000111111000110000010000011010 11000100001011001100000001100001100000000010000001110000000000010001101100000000101100000000000001001110000000001111010000001101 10000011011000010110011110000100010111011100010000000100110010010001100000001001111010101000111000000100000001000110000100010000 00100011110011100011001000001011111000110001110000111001100010000111111001000001000011111111011010110000000000000100100101100111 01111001001000000110000011010111111101101110110000000011111101110110010111101000011100011110011110110001101100000000100010111001 00011110110011010000110110110011010001000111010000110000000110011000010000000000110001101001000000001110110011111110010111100000 00111011001111000000100011110001111100111001000000010111111000011011111010000001111111000000110101111111100000111101110111110001 10100011001100111111010110011111101001111111100111111111011011110100110011011001011010100101001111111001111001010001111001001100 00011000011000000001000000001111101101111011100000001011000110010011000010011111111101110000101100011111100000001000110000011111 10001111110001111011010000001110001001001010011100111111000100011100111100101111100000001000111010011011001110001110011100001001 00101111100000110111100000010000001110001111011011110110000011000001000111010000000111100000011111001010000000001001111000001111 00100100000011001000110100010001111000111111110111111111101101100011001111111001111010000011010011001000000000010000010111010111 11100010000000000001011000011111000000010010001001110011110010000100101111110000110111000010111000110001111111010000000000011110 10101000011011000001101100011111111000000100110100000101000011101111110000110110001100000000000111100110000000000111000011100001 00100100001001011111110111111000000001110000110000000010000011111110011000000000111110000001000001100000010000111001100000001110 11000000111011000000111000000111000101100110111110000100111000001101000010110100101000001100111111000000100000000101110000011110 00111110000000001100000001101000010001111110001000111000101110111100011000111110110000000110000000000100000001110011100110010110 00100111110000000000000111001000010010010000000000000110000110000101100011110000011111110001100000000000100000010111001100100011 10101011100011001111001100000100011001111011010010000011100100001110000010100110000101000011101001110101111110010011100000000001 100011111000010111010110010110011000010000111111110000100100000001111111111101100000111
