file=gough-lui-v90-v92-modem-sounds/FF_U/Agere-SV92-QC_L.g711
start_ms=13400.000 mode=carrier-dbpsk carrier_hz=1860.000 sym_rate=3429.000 offset_samples=0.000
symbols=7000
timing_loop=on gain=0.0300 tau_min=-0.6040 tau_max=3.0000 tau_end=2.8588
dbpsk_bits(6999):
00001011000010001000000000001000000100000101000000011010000000001000101000000001101000000100100101000010000010001100000000010001 10100001001010000100110001001001011000100000000101000100001010000000101001001000001010000000000010010000010001000000000001001000 00101000000000000111100000010110000001000000000100001101001000101100000010100010001000000000000000001010010000000000110001000000 10100011000100000000000001000000000101110010001010100000000100000000001000010000000101010000000010011110101000000101001100001000 11000100010100000000000001001001000101000000001000100000000100000000000001010000000000000000001000001100000001000010001100000010 00100001000100001010000000000100000100000100000000100010010001010100000000000000000000000010100000100100100011000001000000000010 00000000000000000000000100000010000100001100010010000100000100010100100100001001000110100000101000000110000011010000000000001001 10100000100001000000000011000000010001100001100100000010000010000001001000000000001000000000000000100010011000000010010001000000 00000000000001000100100100100100101000011100101001000000000001100000011001000000000000010000000010000000001001000000000000110000 00110000100000000000000011000011011100000000000000100010001110010010001010010110000000000000000000000010011001000000000000100000 01010010010000010000001010000000000010010000100100000000010011000000000010001010000000100001000001000101010000001000000000101101 00000010000000010000100010100000010001000010000000010000011011010000001000010000000010010000000101000011001001000000010000010001 00010011001000011100000000000000010000010010000001000111000000001011000000000111100100001000100000001000010000000110010001000100 00000100010001000000000101010000101010111010001010010000000100101010100000000010010000010000000000001001001000001000001000000100 00101100000000010010010010000001010010010000000000101000000100000110000110000000000000000100110101101010100000010100000001000011 01101000001001000010000000100000000000110001000100000010001000001000001000010000000000010010011001000001000001000000000001100000 01000100000011000011010100000000000000001000010100000001000010110100001100000010001001010000111001010110100000001010010101000000 00100000001000000000000000100100101111000001000000100011011000000101000001100100000001000100000000010100000000000001010100110000 01000101000000001100000100000000010010010000000011000001000000100000001010000000000001010000000000000110000010000010101000000000 01001000100000000000100000100001100001010000000000010000100101011010101010110101010101011010101010110101000101011010101010110101 01010110101010101011010011011111111111111111111111111111111111111101110001010110010110101010101011010101010110101010010101111111 11111111111111111111111111111111111010101101010101011010101010101101001101011001001111111111111111111111111111111111111111101110 01101010101010110101010101101010101010110101000111011111111111111111111111111111111111111101010101101010101010110100110101100101 10101010100111111111111111111111111111111111111111111000101011010101010110101010101011010101010110101000100011111111111111111111 11111111111111111011101010101100001101011001011010101010101101010100101011111111111111111111111111111111111111111101011010101010 10110101010101101010101010110010011111111111111111111111111111111111111111011100110101100101001010101010110101010101001010100111 10111111111111111111111111111111111111111110101011010101010100101010101011001011010101010011111111111111111111111111111111111111 11101101010010101010101101010101010010101010101101010001110111111111111111111111111111111111111101110101010110100010101100101101 01010101011010101001010111111111111111111111111111111111111111111010110101010101011010101010110101010101011010011011111111111111 11111111111111111111111111011000101011001011010101010101101010101011010101001010111111111111111111111111111111111111111111010101 10101010101101010101010110100110101100100111111111111111111111111111111111111111111011001101010101010110101010101101010101010110 10100011011111111111111111111111111111111111111110101010110101010101011010011010110010110101010100111111111111111111111111111111 11111111111101010101101010101011010101010101101010101011010100010111111111111111111111111111111111111111101100010101100101101010 00101011010101010110101010010101111111111111111111111111111111111111111100101101010101010110101010101101010101010110010011111111 11111111111111111111111111111111110110011010101010101101010101011010101010101101010001101111111111111111111111111111111111111111 01010101101010101010110100110101100101101010101001111111111111111111111111111111111111111110101010110101010101101010101010110101 01010110101000110111111111111111111111111111111111111111101010101001010101010110010110101010101011010101001001111111111111111111 11111111111111111111111101011010101010101101010101011010101010101101001101111111111111111111111111111111111111111011000101011001 01101010101010110101010101101010100101011111111111111111111111111111111111111111101010110101010101101010101010110100110101100100 11111111111111111111111111111111111111111101100110101010101011010101010110101010101011010100011011111111111111111111111111111111 11111111010101011010101010101101001101011001011010101010001101011001010010101010101101010101010010101000101101010101011010101010 10110101010101101010001000111111111111111111111111111111111111101110101010110000110101100101101010101010110101010010101111111111 11111111111111111111111111111111010110101010101011010101010110101010101011001001111111111111111111111111111111111111111110010011 01011001010010101010101101010101010010101001111011111111111111111111111111111111111111111010101101010101010110101010101100101101 01010100111111111111111111111111111111111111111110110101001010101010110101010101001010101010110101000111011111111111111111111111 11111111111111010101010101101000101011001011010101010101101010100100111111111111111111111111111111111111111111101011010101010100 10101010101101010101010110100110111111111111111111111111111111111111111011100010101100101101010101010110101010101101010100101011 11111111111111111111111111111111111111100101011010101010110101010101011010011010110010011111111111111111111111111111111111111111 01110011010101010101101010101011010101010101101010001110111111111111111111111111111111111111111010101011010101010101101001101011 00101101010101001111111111111111111111111111111111111111101101010110101010101101010101010110101010101101010001011111111111111111 11111111111111111111111011010101011001011010101010101101010101011010101001010111111111111111111111111111111111111111110010110101 01010101101010101011010101010101100100111111111111111111111111111111111111111111011001101010101010110101010101101010101010110101 00011011111111111111111111111111111111111111110101010100101010101011010011010110010110101010100111111111111111111111111111111111 11111111101010110101010101011010101010100101010101011010100011101111111111111111111111111111111111111101101010101101001101011001 011010101010101101010100101011111111111111111111111111111111111111111101011010101010101
dbpsk_bits_inverted(6999):
11110100111101110111111111110111111011111010111111100101111111110111010111111110010111111011011010111101111101110011111111101110 01011110110101111011001110110110100111011111111010111011110101111111010110110111110101111111111101101111101110111111111110110111 11010111111111111000011111101001111110111111111011110010110111010011111101011101110111111111111111110101101111111111001110111111 01011100111011111111111110111111111010001101110101011111111011111111110111101111111010101111111101100001010111111010110011110111 00111011101011111111111110110110111010111111110111011111111011111111111110101111111111111111110111110011111110111101110011111101 11011110111011110101111111111011111011111011111111011101101110101011111111111111111111111101011111011011011100111110111111111101 11111111111111111111111011111101111011110011101101111011111011101011011011110110111001011111010111111001111100101111111111110110 01011111011110111111111100111111101110011110011011111101111101111110110111111111110111111111111111011101100111111101101110111111 11111111111110111011011011011011010111100011010110111111111110011111100110111111111111101111111101111111110110111111111111001111 11001111011111111111111100111100100011111111111111011101110001101101110101101001111111111111111111111101100110111111111111011111 10101101101111101111110101111111111101101111011011111111101100111111111101110101111111011110111110111010101111110111111111010010 11111101111111101111011101011111101110111101111111101111100100101111110111101111111101101111111010111100110110111111101111101110 11101100110111100011111111111111101111101101111110111000111111110100111111111000011011110111011111110111101111111001101110111011 11111011101110111111111010101111010101000101110101101111111011010101011111111101101111101111111111110110110111110111110111111011 11010011111111101101101101111110101101101111111111010111111011111001111001111111111111111011001010010101011111101011111110111100 10010111110110111101111111011111111111001110111011111101110111110111110111101111111111101101100110111110111110111111111110011111 10111011111100111100101011111111111111110111101011111110111101001011110011111101110110101111000110101001011111110101101010111111 11011111110111111111111111011011010000111110111111011100100111111010111110011011111110111011111111101011111111111110101011001111 10111010111111110011111011111111101101101111111100111110111111011111110101111111111110101111111111111001111101111101010111111111 10110111011111111111011111011110011110101111111111101111011010100101010101001010101010100101010101001010111010100101010101001010 10101001010101010100101100100000000000000000000000000000000000000010001110101001101001010101010100101010101001010101101010000000 00000000000000000000000000000000000101010010101010100101010101010010110010100110110000000000000000000000000000000000000000010001 10010101010101001010101010010101010101001010111000100000000000000000000000000000000000000010101010010101010101001011001010011010 01010101011000000000000000000000000000000000000000000111010100101010101001010101010100101010101001010111011100000000000000000000 00000000000000000100010101010011110010100110100101010101010010101011010100000000000000000000000000000000000000000010100101010101 01001010101010010101010101001101100000000000000000000000000000000000000000100011001010011010110101010101001010101010110101011000 01000000000000000000000000000000000000000001010100101010101011010101010100110100101010101100000000000000000000000000000000000000 00010010101101010101010010101010101101010101010010101110001000000000000000000000000000000000000010001010101001011101010011010010 10101010100101010110101000000000000000000000000000000000000000000101001010101010100101010101001010101010100101100100000000000000 00000000000000000000000000100111010100110100101010101010010101010100101010110101000000000000000000000000000000000000000000101010 01010101010010101010101001011001010011011000000000000000000000000000000000000000000100110010101010101001010101010010101010101001 01011100100000000000000000000000000000000000000001010101001010101010100101100101001101001010101011000000000000000000000000000000 00000000000010101010010101010100101010101010010101010100101011101000000000000000000000000000000000000000010011101010011010010101 11010100101010101001010101101010000000000000000000000000000000000000000011010010101010101001010101010010101010101001101100000000 00000000000000000000000000000000001001100101010101010010101010100101010101010010101110010000000000000000000000000000000000000000 10101010010101010101001011001010011010010101010110000000000000000000000000000000000000000001010101001010101010010101010101001010 10101001010111001000000000000000000000000000000000000000010101010110101010101001101001010101010100101010110110000000000000000000 00000000000000000000000010100101010101010010101010100101010101010010110010000000000000000000000000000000000000000100111010100110 10010101010101001010101010010101011010100000000000000000000000000000000000000000010101001010101010010101010101001011001010011011 00000000000000000000000000000000000000000010011001010101010100101010101001010101010100101011100100000000000000000000000000000000 00000000101010100101010101010010110010100110100101010101110010100110101101010101010010101010101101010111010010101010100101010101 01001010101010010101110111000000000000000000000000000000000000010001010101001111001010011010010101010101001010101101010000000000 00000000000000000000000000000000101001010101010100101010101001010101010100110110000000000000000000000000000000000000000001101100 10100110101101010101010010101010101101010110000100000000000000000000000000000000000000000101010010101010101001010101010011010010 10101011000000000000000000000000000000000000000001001010110101010101001010101010110101010101001010111000100000000000000000000000 00000000000000101010101010010111010100110100101010101010010101011011000000000000000000000000000000000000000000010100101010101011 01010101010010101010101001011001000000000000000000000000000000000000000100011101010011010010101010101001010101010010101011010100 00000000000000000000000000000000000000011010100101010101001010101010100101100101001101100000000000000000000000000000000000000000 10001100101010101010010101010100101010101010010101110001000000000000000000000000000000000000000101010100101010101010010110010100 11010010101010110000000000000000000000000000000000000000010010101001010101010010101010101001010101010010101110100000000000000000 00000000000000000000000100101010100110100101010101010010101010100101010110101000000000000000000000000000000000000000001101001010 10101010010101010100101010101010011011000000000000000000000000000000000000000000100110010101010101001010101010010101010101001010 11100100000000000000000000000000000000000000001010101011010101010100101100101001101001010101011000000000000000000000000000000000 00000000010101001010101010100101010101011010101010100101011100010000000000000000000000000000000000000010010101010010110010100110 100101010101010010101011010100000000000000000000000000000000000000000010100101010101010
dbpsk_quadrant_imag_sign(6999):
11000111100000000001111110001110110000100000000110000011110011100111101101000100000000001110010001110000010011111111100001100011 01011110110101100101111001100000000000111011011001111011100100000100001111001101101000001110111000010000101001101111001100100110 01000100111100011111100001100000000000001111100111101000100001000000000110000001100011111111000001001010001111101111110011101100 11010000000111000011111011110000110000000000100010011100100001100001001100111011111011110001100000111110011000000000110101000101 00000001000100000000001000100100111111001010100110111001111011110011000010011100100010001001111000011101100000110000110011101111 10011011110011111100010011100111111001101100011100000011100000000011011100001110011111001111011010110001011101100000100000110010 10001111100000000110001100000001011110000011110000000000100100011001000101110011111101111001000000010000100000111000111011011011 10001101111000011110000000011010111110111100100100000111010001111100011110010010110010111000000011110001100000010010000001000001 11110010000000000010100110111011000011110110110101100101100110000111111110001100000000000011000000110010110100001110000100000010 00000110001101101100110010011000111111101101100000101100000000110000100011001111101110000011111010011111000000111100111101111000 11000011110011101100000000000100101100100010000001111100011111100011000111001000000000001110110110010000001100010001000000000000 00000110001000011110001100111100110000110100011010001100001100001000110010001100011011111111110000111111100011010110000100111110 00111111011101101000111010001101110011101101110000000100010001001000100100011000000101100000100111001001001000001101000011100000 10011001100010000001001110100011100111010111000001100001000011110000100011111110010011111011000101001001001000011011011111100100 11000001100110000011100111000110010110111000100111110001011100110100001111111001000111100000101110100010000110001101001111100000 10001011000001110010000000100111110000011001000100000100110010011110100010010111000111010000001001111100010001111110011111110011 11110100111000101100000011001110011001000001000000110010101110000001011011000011010001110101110001100000001000111000101100000010 00000011011101100000011001110011111111000000000110111110111101001110110011100010011111100011100111100010010100101101111100000000 01011001001100111111000010110001010111110000101100011011110001110011011110001001101110110011001100100001011001110011011100000011 00000101110000111111000001010100000111100111001100010001011000001100011100000000101000001100011100011000011000000100010000011000 11100000000111000001101111101111111111111111111111111111111111111111111001100011001011000001010001100011100000000101101111111111 11111111111111111111111111111111111100000110001110001100011100000110000110001100000111111111111111111111111111111111111111101100 10110000010100011000111000000001010000011000111111111111111111111111111111111111111111111011111000000011010000011000011000110010 00000001111110111111111111111111111111111111111111110011100001100011100000000101000001100011100000001111110111111111111111111111 11111111111111111111110100000110000110000010100000000111000110001011011111111111111111111111111111111111111110111100000000010100 00011000111000000011000000011001001111111111111111111111111111111111111111001000011000001010000100011100011000101000000100011111 11111111111111111111111111111111111111111111110000100011100000111100000001100001100000101001111111111111111111111111111111111111 11100111100000000111000110001010000001000100000110001111111111111111111111111111111111111111111111111110000011110000000110010110 00001010001100011110110111111111111111111111111111111111111101011000011000101000001100010000011000111000001101111111111111111111 11111111111111111111111111111100110001100001100000101000110001110000000010110110111111111111111111111111111111111111111111100000 11000111000110001110000011000011000110000011111111111111111111111111111111111111111010010110000010100011000111000000001010000011 00011111111111111111111111111111111111111111111111111100000001101000001100001100011001000000001011110111111111111111111111111111 11111111111101110000110001110000000010100000110001110000000111111011111111111111111111111111111111111111101110000000110000110000 01010001100011100011000101101101111111111111111111111111111111111111111111000000001010000011000111000000011000000011001001111111 11111111111111111111111111111111110100001100000101000110001110000100010100000110001111111111111111111111111111111111111111111111 11111000000111010000011000011000110010000000010111101111111111111111111111111111111111111110111100011000111000010001010000011000 11100011000111110111111111111111111111111111111111111111111111000000111000000011000011000001010001100011110101111111111111111111 11111111111111111111111100001100010100000110001000001100011100000110111110111111111111111111111111111111111111111011100110001100 10110000010100011000111000000001011011111111111111111111111111111111111111111111110000011000111000110001110000011010011000110000 01111111111111111111111111111111111111111101001001000001010001100011100000000101000001100011111011111111111111111111111111111111 11111111111110000000111100000110000110001100100100000101100110000010100011000111000110001010000001000010000110001110000000010100 00011000111000000011111101111111111111111111111111111111111111111111010000011000011000011010000000011100011000111101111111111111 11111111111111111111111111101111000000000101000001100011100000001100000001100100101111111111111111111111111111111111111100101001 10000010100001000111000110001010000000000111111111111111111111111111111111111111111111111111000110001110000011110000000110000110 00001010010111111111111111111111111111111111111110011110000000011100011000101000000000010000011000111111111111111111111111111111 11111111111111101111100000011100000001100001100000101000110001111010111111111111111111111111111111111111110111100001100010100000 11000100000110001110000011111111011111111111111111111111111111111111111111110001000110010110000010100011000111000000001011011111 11111111111111111111111111111111111011111000001100011100011000111000001101001100011000001111111111111111111111111111111111111111 01100101100000101000110001110000000010100000110001111111111111111111111111111111111111111111111111110000000110100000110000110001 10010000000010101101111111111111111111111111111111111111111111100011000111000000001010000011000111000000011111101111111111111111 11111111111111111111111111100000001100001100000101000110001110001100010110110111111111111111111111111111111111111111111000000000 10100000110001110000000110100000110010010111111111111111111111111111111111111111010010000000010100011000111000000001010000011000 11111111111111111111111111111111111111111111111111100000011100000001100001100011001000000001111110111111111111111111111111111111 11111111101111000000001110001100010100000000001000001100011111111111111111111111111111111111111111111111110100000110100110001100 101100000101000110001111011011111111111111111111111111111111111111111100000100010100000
