file=gough-lui-v90-v92-modem-sounds/FF_U/Agere-SV92-QC_L.g711
start_ms=13200.000 mode=carrier-dbpsk carrier_hz=1860.000 sym_rate=3429.000 offset_samples=0.000
symbols=7000
timing_loop=on gain=0.0300 tau_min=-0.3518 tau_max=3.0000 tau_end=2.7337
dbpsk_bits(6999):
00000000110011000000000001010110000001101000010001001001100001000100000100001001100100000010101101000010000100100000001001000001 00000001010110000000100011001000100001000000000000010001100100001000000000001000000001000000010000000010101011100000000010010000 00000010011000000000000000000001000001000000001000000001100101100110101101000001000011100011000000000000000100010001000010100010 00001010000001101000000110000000001000000101010000001100000101000100000000000000101000000100100000000101000000000011110000100000 00000001010000000000101001000100000100001000000000000000001000001000001000100010000010100100000010000000001000000000000010001010 00001010100001000001001001000100000000010000000001011000010001000000000001000000100000101000000001010000000001000101000000001101 00000010010010100001000001000100000000001000110100000001001000100110000001001011000100000000100100100001010001000101001001000000 01010000000001001000001000100000100000100100000101000000000000111101000010110000001000000000100001101001000101100000010100010001 00000000000000000101001000000000011000100000010100011000100000000000001000000000101110010001010100000000100000000001000010000000 10101000000001001111010100000010100110000100011000100010100000000000001001001000101000000001000100000000100000000000001010000000 00000000000100000110000000100001000110000001000100001000100001010000000000100100000100100000000100010010001010100100000000000000 00000000110001000100011000010101000000000000001000000000000000000000101010000000000010000010010001100000100010100101000001001000 11100000010100000010000101010000000000000001010111000100010000000000011010000010011100000100100000100000000000001000000001001101 00100000000000001011001100000001001000100000000000000000001000100100000100100101000011100101001000000000001100000011001000000000 00001000000001000000000100100000000000011000000110000100000000000000011000001011100000010000000000000100101000010001010010101000 00000000010100000000100100100000000000000000010001010010100010000100101000000000101001000000100000000010001100000001001100101010 00010000010000010001010011000010000000010011010000001000001000000110000110000001001010000000000010000010001000000000000000001000 01001000001110010100000100100000001000000100000010101000000011100010000000110000100010010000000100000100000000101000000000010111 01000010001000001110001010000000110000000000000000001000100010000000001010010001001101110100010100100000011001010101000000000100 10000010000000000001001001000001000001000000100001011000000000100100100100000010100100100000000001010000001000001100001100000000 00000000100110101101010100000010100000001000011010010000010010000100000001000000000001100010001000000100010000010000110000100000 10000010010010001000001000001000000000001100000010001000000010000110101000000000000000010000111000000010000101100000011000000100 01001010000111001010110110000001010010001000000000000001101000000000000000010011010100000010000101000110111000110000000001000010 00001001000000010001000000000011101010100100000010001010010000000000000000010001000000001100000100000100000000100000010100000000 01001110000000000000100000010000001010000001000010100100010000001001000001000010000111000000000001001010010101101010101010110101 01010110101010101101010001010110101010101101010101010010101010101101001101111111111111111111111111111111111111110111001101011001 01101010101010110101010101101010100101011111111111111111111111111111111111111111101010110101010101101010101010110100110101100100 11111111111111111111111111111111111111111011100110101010101011010101010110101010101011010100011101111111111111111111111111111111 11111111010101011010101010101101000101011001011010101010011111111111111111111111111111111111111111011010110101010101011010101010 10010101010101101010001110111111111111111111111111111111111111101010101011010101010101101001101011001011010101010011111111111111 11111111111111111111111111111101010110101010101101010101010110101010101101010001000111111111111111111111111111111111111101110101 01011010011010110010110101010101011010101001010111111111111111111111111111111111111111111010110101010101011010101010110101010101 01100001011111111111111111111111111111111111111110111001101010101010110101010101101010101010110101000110111111111111111111111111 11111111111111010101010100101010101011010011010110010110101010100111111111111111111111111111111111111111111000101101010101010110 10101010110101010101011010100011111111111111111111111111111111111111111111101010110101010101011001011010101010101101010100101111 11111111111111111111111111111111111011010101101010101011010101010101101010101011010100110111111111111111111111111111111111111111 10110001010110010110101010101011010101010110101010010101111111111111111111111111111111111111111100101001010101010110101010101001 01000101011001001111111111111111111111111111111111111111110110011010101010101101010101011010101010101101010001101111111111111111 11111111111111111111111101010101101010101010110100110101100101101010101001111111111111111111111111111111111111111110110010110101 01010110101010101011010101010110101000101111111111111111111111111111111111111111011010101011000011010110010110101010101011010101 00101011111111111111111111111111111111111111111101011010101010101101010101011010101010101100001011111111111111111111111111111111 11111111101100110101010101011010101010110101010101011010100011011111111111111111111111111111111111111111101010110101010101011010 00101011001011010101010011111111111111111111111111111111111111111101010101101010101011010101010101101010101011010100011101111111 11111111111111111111111111111110110101010110101010101100001101010001010110101010010011111111111111111111111111111111111111111010 10110101010101101010101010110101010101101010011011111111111111111111111111111111111111110110101010110010110101000101011010101010 11010101001010111111111111111111111111111111111111111110010100101010101011010101010100101000101011001001010100101000101011001011 01010101010110101010001101010101010110101010101101010101010110101000111011111111111111111111111111111111111111101010101101010101 01011010011010110010110101010100111111111111111111111111111111111111111111110101011010101010110101010101011010101010110101000101 11111111111111111111111111111111111111011100010101100101101010101010110101010101101010100101011111111111111111111111111111111111 11111100101011010101010110101010101101010101010110100100111111111111111111111111111111111111111011100110101100101011010101010110 10101010101101010011110111111111111111111111111111111111111111110101011010101010101101010101011000011010110010011111111111111111 11111111111111111111111101110011010101010101101010101011010101010101101010001110111111111111111111111111111111111111101010101011 01010101010110010110101100101011010101001001111111111111111111111111111111111111111101010110101010101101010101010110101010101101 01001101011111111111111111111111111111111111110111010101011001011010101010101101010101011010101001010111111111111111111111111111 111111111111110010100101010101011010101010100101000101011001001111111111111111111111111
dbpsk_bits_inverted(6999):
11111111001100111111111110101001111110010111101110110110011110111011111011110110011011111101010010111101111011011111110110111110 11111110101001111111011100110111011110111111111111101110011011110111111111110111111110111111101111111101010100011111111101101111 11111101100111111111111111111110111110111111110111111110011010011001010010111110111100011100111111111111111011101110111101011101 11110101111110010111111001111111110111111010101111110011111010111011111111111111010111111011011111111010111111111100001111011111 11111110101111111111010110111011111011110111111111111111110111110111110111011101111101011011111101111111110111111111111101110101 11110101011110111110110110111011111111101111111110100111101110111111111110111111011111010111111110101111111110111010111111110010 11111101101101011110111110111011111111110111001011111110110111011001111110110100111011111111011011011110101110111010110110111111 10101111111110110111110111011111011111011011111010111111111111000010111101001111110111111111011110010110111010011111101011101110 11111111111111111010110111111111100111011111101011100111011111111111110111111111010001101110101011111111011111111110111101111111 01010111111110110000101011111101011001111011100111011101011111111111110110110111010111111110111011111111011111111111110101111111 11111111111011111001111111011110111001111110111011110111011110101111111111011011111011011111111011101101110101011011111111111111 11111111001110111011100111101010111111111111110111111111111111111111010101111111111101111101101110011111011101011010111110110111 00011111101011111101111010101111111111111110101000111011101111111111100101111101100011111011011111011111111111110111111110110010 11011111111111110100110011111110110111011111111111111111110111011011111011011010111100011010110111111111110011111100110111111111 11110111111110111111111011011111111111100111111001111011111111111111100111110100011111101111111111111011010111101110101101010111 11111111101011111111011011011111111111111111101110101101011101111011010111111111010110111111011111111101110011111110110011010101 11101111101111101110101100111101111111101100101111110111110111111001111001111110110101111111111101111101110111111111111111110111 10110111110001101011111011011111110111111011111101010111111100011101111111001111011101101111111011111011111111010111111111101000 10111101110111110001110101111111001111111111111111110111011101111111110101101110110010001011101011011111100110101010111111111011 01111101111111111110110110111110111110111111011110100111111111011011011011111101011011011111111110101111110111110011110011111111 11111111011001010010101011111101011111110111100101101111101101111011111110111111111110011101110111111011101111101111001111011111 01111101101101110111110111110111111111110011111101110111111101111001010111111111111111101111000111111101111010011111100111111011 10110101111000110101001001111110101101110111111111111110010111111111111111101100101011111101111010111001000111001111111110111101 11110110111111101110111111111100010101011011111101110101101111111111111111101110111111110011111011111011111111011111101011111111 10110001111111111111011111101111110101111110111101011011101111110110111110111101111000111111111110110101101010010101010101001010 10101001010101010010101110101001010101010010101010101101010101010010110010000000000000000000000000000000000000001000110010100110 10010101010101001010101010010101011010100000000000000000000000000000000000000000010101001010101010010101010101001011001010011011 00000000000000000000000000000000000000000100011001010101010100101010101001010101010100101011100010000000000000000000000000000000 00000000101010100101010101010010111010100110100101010101100000000000000000000000000000000000000000100101001010101010100101010101 01101010101010010101110001000000000000000000000000000000000000010101010100101010101010010110010100110100101010101100000000000000 00000000000000000000000000000010101001010101010010101010101001010101010010101110111000000000000000000000000000000000000010001010 10100101100101001101001010101010100101010110101000000000000000000000000000000000000000000101001010101010100101010101001010101010 10011110100000000000000000000000000000000000000001000110010101010101001010101010010101010101001010111001000000000000000000000000 00000000000000101010101011010101010100101100101001101001010101011000000000000000000000000000000000000000000111010010101010101001 01010101001010101010100101011100000000000000000000000000000000000000000000010101001010101010100110100101010101010010101011010000 00000000000000000000000000000000000100101010010101010100101010101010010101010100101011001000000000000000000000000000000000000000 01001110101001101001010101010100101010101001010101101010000000000000000000000000000000000000000011010110101010101001010101010110 10111010100110110000000000000000000000000000000000000000001001100101010101010010101010100101010101010010101110010000000000000000 00000000000000000000000010101010010101010101001011001010011010010101010110000000000000000000000000000000000000000001001101001010 10101001010101010100101010101001010111010000000000000000000000000000000000000000100101010100111100101001101001010101010100101010 11010100000000000000000000000000000000000000000010100101010101010010101010100101010101010011110100000000000000000000000000000000 00000000010011001010101010100101010101001010101010100101011100100000000000000000000000000000000000000000010101001010101010100101 11010100110100101010101100000000000000000000000000000000000000000010101010010101010100101010101010010101010100101011100010000000 00000000000000000000000000000001001010101001010101010011110010101110101001010101101100000000000000000000000000000000000000000101 01001010101010010101010101001010101010010101100100000000000000000000000000000000000000001001010101001101001010111010100101010101 00101010110101000000000000000000000000000000000000000001101011010101010100101010101011010111010100110110101011010111010100110100 10101010101001010101110010101010101001010101010010101010101001010111000100000000000000000000000000000000000000010101010010101010 10100101100101001101001010101011000000000000000000000000000000000000000000001010100101010101001010101010100101010101001010111010 00000000000000000000000000000000000000100011101010011010010101010101001010101010010101011010100000000000000000000000000000000000 00000011010100101010101001010101010010101010101001011011000000000000000000000000000000000000000100011001010011010100101010101001 01010101010010101100001000000000000000000000000000000000000000001010100101010101010010101010100111100101001101100000000000000000 00000000000000000000000010001100101010101010010101010100101010101010010101110001000000000000000000000000000000000000010101010100 10101010101001101001010011010100101010110110000000000000000000000000000000000000000010101001010101010010101010101001010101010010 10110010100000000000000000000000000000000000001000101010100110100101010101010010101010100101010110101000000000000000000000000000 000000000000001101011010101010100101010101011010111010100110110000000000000000000000000
dbpsk_quadrant_imag_sign(6999):
11011100111111011000000000111011110110011100001111000000000001000011011101000011111110100100011110111001100011100111110011110011 00011011010011111000111010011100001111100001000010110110100000101100100111111011011000011111110011010000001111100111111110100010 00101110111011000011011000011000110100100011110110100000000000001000100001000000000111110111110000111001011100000111001110000000 01001110000010111111101111111000111101111110000100000001001011100101100111100011101001000011000010000011101011000000000100000001 10011100010010000011000010011000111101010000000110011000110011100000011100101110011000000000000000011011111011110100100000011000 11111000101111000110000100000000000100011111011000111100000000001111110001110110000100000000110000011110011100111101011000100001 00000111001000111000001001111011110000110001101011110111010000001100001100010000000101011011001111011100100000100001111001101101 00000111011000001000010100110111100110010111001000110111100011111100000100000000000001111100111101000100001000000000110000001100 01111111100000100101000111110111111001110110011010000000111000011111011110000110000000001100010011100100001100001001100111011111 01011000110000011111001100000000011010100010100000001000100000000001000100100111111001010100110111001111011110011000010011100100 01000100111100001110110000011000011001110111110011011110011111100010001100110111001101100011100000011100000100011111100001100011 11100110101101001110101111101011010000011011110001111100001000100001100000000011110111011110000000000100000011000001001111111111 10001100000000001110010001111100111100101100000001000111010111110000000011010111111111100000100000001011001111101111100010011011 11101100000001011000110000001001000000100000111110010000000000010100110111011000011110110110101100101100110000111111110001100000 00000001100000011001011010000111000010000001000000110001101101100110010011000111101101101100000111100000111111000100011111111101 11000001010101001111100110111110011110011100000000010000001100100000100000100100000000000110100111110011111000101110011100111000 00000111101101100110000111011000010000000000000000101000100011110000111111110000000000110011000000100000110000100111001000110001 11011101111000001100001000001011001110011111000111011011101101000111000001111110110101101110000000110000000100101010010001111100 01110000000001110000010101000000001000011100000001000111000100000010011101000111010110101110000010000010000111011001100111111100 10011111011000101001001001000011011011111100100110000011001100000111001110001100101101110001001111100010111001100000011111110010 00111100000101110100010000110001100001111100000111010110000011100100000001001111100000110010001000001001100100111101000100101110 00111010000001001111100010001111110011111110011110101001110001011000000110011100110010000010000001100101011100000010110110000110 10101110101110001100000001100111000001100000110000100111110011000000110011111100111100000000001111100001111000000101100111111101 11000101110100111001110010000100001001100000100011110110010010100100000101100011101111111101011100010001100011010010111110100011 01110000011001100100000110001111001111000000110000010110100001011100001100010000011000001100110001000111101000010001010000011000 10100011000111000000000110000011000111000110001110000000110100000110011111111111111111111111111111111111111111110110100110001100 10000000010100011000111000000001011011111111111111111111111111111111111111111111110000011000111000000011010000011000011000110000 01111111111111111111111111111111111111111011000011000001010001100011100011000101000001100011111111111111111111111111111111111111 11111111111110000100111100000111100000001100001100000101001111111111111111111111111111111111111111001111000000001110001100010100 00000010100000110001111111111111111111111111111111111111111111110111110000000110100000110000110001100101100000101011011111111111 11111111111111111111111111100111100011000111000000001010000011000111000110001111101111111111111111111111111111111111111111111000 00001100001100011101000000001010001100011110111111111111111111111111111111111111111101111000000000101000001100011100000001111000 00110011111111111111111111111111111111111111111110110010110000010100011000111000000001010000011000111111111111111111111111111111 11111111111111101111100000011101000001100001100011001000000001011110111111111111111111111111111111111111110011110000000011100011 00010100000000101000001100011111111111111111111111111111111111111111111111111100000001100000001100001100000101000110001111110011 11111111111111111111111111111111111100110000110001110000000000100000110001110000000111111111111111111111111111111111111111111111 11111000000011000011000001010001100011100011000101101101111111111111111111111111111111111111111111000001100010000011000111000001 11100010001100000111111111111111111111111111111111111111110100101100000101000110001110000000010100000110001111111111111111111111 11111111111111111111111111111000000111000000011000011000111010000000011111101111111111111111111111111111111111111110100100011000 11100011000101000001100011100011000111100111111111111111111111111111111111111111011100000001100001100000101000000001110001100010 11011011111111111111111111111111111111111111111100000000010100000110001110000100111100000110011111111111111111111111111111111111 11111111101001011000001010001100011100000000101000001100011111011111111111111111111111111111111111111111111100000001111000001101 00110001100001100000101001011111111111111111111111111111111111111101111000110001110000100010100000110001010001100011111111111111 11111111111111111111111111111111111110000011110000000110000110000010100011000111111011111111111111111111111111111111111111100110 00011000111000000001010000011000111000000011111111111111111111111111111111111111111111111111000000011000011000001010001100011100 01100010110110111111111111111111111111111111111111111111100000010001000001100011100000111100010001100011100000111100010001100001 10000010100011000111110110000010100011000111000000001010000011000111111111111111111111111111111111111111111111111111000000011010 00001100001100011001000000001010110111111111111111111111111111111111111110011110001100011100011000101000001100011100011000111100 11111111111111111111111111111111111111111110011000110000110000010100011000111000110001011011111111111111111111111111111111111111 11011111000000100010000011000111000000011110000011001111111111111111111111111111111111111111111011000011000001010000100011100011 00010100000000001111111111111111111111111111111111111111111111111110001100011100000011100000001100001100001100001111111111111111 11111111111111111111111101100100000000111000110001110000000010100000110001111111111111111111111111111111111111111111110111110000 00011000000011000011000001010001100011111101111111111111111111111111111111111111101011000011000111000000001010000011000111000000 01111110111111111111111111111111111111111111111111100000001100001100000101000110001110001100010110111111111111111111111111111111 111111111111111100000000001000001100011100000111100000001100000111111111111111111111111
