file=gough-lui-v90-v92-modem-sounds/FF_U/Agere-SV92-QC_L.g711
start_ms=13300.000 mode=carrier-dbpsk carrier_hz=1860.000 sym_rate=3429.000 offset_samples=0.000
symbols=7000
timing_loop=on gain=0.0300 tau_min=-0.4956 tau_max=3.0000 tau_end=2.8659
dbpsk_bits(6999):
00000010000000001000010001101000010100000000010100000101010100010100000000010000001000010000011000000010001001000000000000101000 10100100000000001000001000010110000000000000000000010000000010101000000010000100001000000000001000001000001000010000100010010100 10110000001000000000100000000000001011000000001010100001000001001001001100000000010000000001010000010001000000000001010011101000 10110100010001000000000100110000000110110100001100100010100001000001000110000000001010110100001000010000000010000010001011000100 00000010100010000000000001010100101100000110100000000011001000001000100001000000000101000101000000000000010100000010100000001010 10000010000100100000010110000001010000000100000000000000001101000000001000011000000000000001011000100000000000001000000100001110 01000101010000000000000000000100001000000010101000000001001011010100010110111000101000000000100010100100000000010010010101011000 00001000010000000000101000000100101000000000000000000100001010000001000001000100000010110000001001000001100000000101001000100000 00001000000010001001010110000000000000100000000000001100000100000000000001000000000010000000000000000000000000101010100001000000 00000010000100100100010000000100101001000010000000101000010010000101010000000000000010101111000100010000000000000010000000011100 01010010000010011000000000100000000100110100100000000000001011001100000001001000100000000000000000001000100100000100100101000011 10010100100000000000110000001100100000000000001000000001000000000100100000000000011000000110000100000000000000011000001011100000 00000000010001000101000001000101001011000000000000000000000001001000100000000000000000001010010010100010000001010000000000001010 00011010000000001001100000000101000101001000010000100000100010101000000100000000010101100000010000000000000100100110000100001100 00000000001000001011011000000000001000100001000000001010100001000100100000001000001000100010110000000001100010000000110000100010 01000000010000010000000010100000000001011101000010001000000110001100000001100000000001000000010001000100000000010101000010101001 00100010100100000011001010101000100000100100000100000000000010010010001010000010000001000010100000000010001001000000100101001001 00100000000010000001000011100001100000000000000001001101011010101000000101000000010001010001100000001100001000000010000000000011 00010001000000100010000010000100001000010010000100010111010000010000010000000000011000000100010000001000001101010000000000000000 10000101000000010000101100000011000000100010010100001110010101101100000010100100010000000000000011010000000000000000101100101000 00010000101000110111000110000000001000010000010010000000100010000000000011010101001000000100010100100000000000000000100010000000 01100000100000100000000100000010100010000010011100000000000001000000100000010100000010000101001000100000010010000010000100001110 00000000001001010010101101010101010110101010101101010101011010100010101101010101011010101010110101010101011010011011111111111111 11111111111111111111111110111001101011001011010101010101101010101011010101001010111111111111111111111111111111111111111111010101 10101010101101010101010110100110101100100111111111111111111111111111111111111111110111001101010101010110101010101101010101010110 10100011101111111111111111111111111111111111111110101010110101010101011010101010110010110101010100111111111111111111111111111111 11111111111011010100101010101011010101010100101010101011010100011101111111111111111111111111111111111111010101010100101010101011 00101101010101010110101010010011111111111111111111111111111111111111111110101101010101010010101010101101010101010110100110111111 11111111111111111111111111111111101110001010110010110101010101011010101010110101010010101111111111111111111111111111111111111111 11010101101010101011010101010101101001101011001001111111111111111111111111111111111111111101110011010101010101101010101011010101 01010110101000110111111111111111111111111111111111111110101010101101010101010110100110101100101101010101001111111111111111111111 11111111111111111111000101011010101010110101010101011010101010110101000101111111111111111111111111111111111111111101010101011010 01101011001011010101010101101010100101011111111111111111111111111111111111111111101011010101010101101010101011010101010101100001 00101111111111111111111111111111111111111111110101101010101010010101010101101010101011010100010111111111111111111111111111111111 11111110110101010110000110101100101001010101010110101010010101111111111111111111111111111111111111111110101101010101010110101010 10110101010101101010011011111111111111111111111111111111111111110110101010110000110101100101101010101010110101010010101111111111 11111111111111111111111111111111010110101010101011010101010110101010101001010011011111111111111111111111111111111111111110110001 01011001011010101010101101010101011010101001010111111111111111111111111111111111111111110010101101010101011010101010101101001101 01100100111111111111111111111111111111111111111111011001101010101010110101010101101010101010110101000110111111111111111111111111 11111111111111111101010110101010101011010011010110010110101010100111111111111111111111111111111111111111111010101011010101010110 10101010101101010101011010100010111111111111111111111111111111111111111101101010101101001101011001011010101010101101010100101011 11111111111111111111111111111111111111110101101010101010110101010101101010101010110000101111111111111111111111111111111111111111 11101011010100010101101010101011010101010101101010001101111111111111111111111111111111111111111110101011010101010100101010101011 00001101011001001010101100101101010101010110101010101101010100010110101010101101010101010110101010101101010001110111111111111111 11111111111111111111110101010101001010101010110010110101010101011010101001011111111111111111111111111111111111111111111010110101 01010101101010101011010101010101101001101111111111111111111111111111111111111110111000101011001011010101010101101010101011010101 00101011111111111111111111111111111111111111111001010110101010101101010101010110100010101100100111111111111111111111111111111111 11111111011100110101010101011010101010110101010101011010100011101111111111111111111111111111111111111110101010110101010101011010 01101011001011010101010011111111111111111111111111111111111111111110010101101010101011010101010101101010101011010100010001111111 11111111111111111111111111111101110101010110100110101100101101010101010110101010010101111111111111111111111111111111111111111110 10110101010101011010101010110101010101011000010111111111111111111111111111111111111111101101010110101010101101010101010110101010 10110101000111011111111111111111111111111111111111110101010101001010101010110100110101100101101010101001111111111111111111111111 11111111111111110010101101010101010110101010101001010101010110101000111011111111111111111111111111111111111111011010101011000011 01011001010010101010101101010100101011111111111111111111111111111111111111111101011010101010101101010101011010101010100101001101 111111111111111111111111111111111111111011000101011001011010101010101101010101011010101
dbpsk_bits_inverted(6999):
11111101111111110111101110010111101011111111101011111010101011101011111111101111110111101111100111111101110110111111111111010111 01011011111111110111110111101001111111111111111111101111111101010111111101111011110111111111110111110111110111101111011101101011 01001111110111111111011111111111110100111111110101011110111110110110110011111111101111111110101111101110111111111110101100010111 01001011101110111111111011001111111001001011110011011101011110111110111001111111110101001011110111101111111101111101110100111011 11111101011101111111111110101011010011111001011111111100110111110111011110111111111010111010111111111111101011111101011111110101 01111101111011011111101001111110101111111011111111111111110010111111110111100111111111111110100111011111111111110111111011110001 10111010101111111111111111111011110111111101010111111110110100101011101001000111010111111111011101011011111111101101101010100111 11110111101111111111010111111011010111111111111111111011110101111110111110111011111101001111110110111110011111111010110111011111 11110111111101110110101001111111111111011111111111110011111011111111111110111111111101111111111111111111111111010101011110111111 11111101111011011011101111111011010110111101111111010111101101111010101111111111111101010000111011101111111111111101111111100011 10101101111101100111111111011111111011001011011111111111110100110011111110110111011111111111111111110111011011111011011010111100 01101011011111111111001111110011011111111111110111111110111111111011011111111111100111111001111011111111111111100111110100011111 11111111101110111010111110111010110100111111111111111111111110110111011111111111111111110101101101011101111110101111111111110101 11100101111111110110011111111010111010110111101111011111011101010111111011111111101010011111101111111111111011011001111011110011 11111111110111110100100111111111110111011110111111110101011110111011011111110111110111011101001111111110011101111111001111011101 10111111101111101111111101011111111110100010111101110111111001110011111110011111111110111111101110111011111111101010111101010110 11011101011011111100110101010111011111011011111011111111111101101101110101111101111110111101011111111101110110111111011010110110 11011111111101111110111100011110011111111111111110110010100101010111111010111111101110101110011111110011110111111101111111111100 11101110111111011101111101111011110111101101111011101000101111101111101111111111100111111011101111110111110010101111111111111111 01111010111111101111010011111100111111011101101011110001101010010011111101011011101111111111111100101111111111111111010011010111 11101111010111001000111001111111110111101111101101111111011101111111111100101010110111111011101011011111111111111111011101111111 10011111011111011111111011111101011101111101100011111111111110111111011111101011111101111010110111011111101101111101111011110001 11111111110110101101010010101010101001010101010010101010100101011101010010101010100101010101001010101010100101100100000000000000 00000000000000000000000001000110010100110100101010101010010101010100101010110101000000000000000000000000000000000000000000101010 01010101010010101010101001011001010011011000000000000000000000000000000000000000001000110010101010101001010101010010101010101001 01011100010000000000000000000000000000000000000001010101001010101010100101010101001101001010101011000000000000000000000000000000 00000000000100101011010101010100101010101011010101010100101011100010000000000000000000000000000000000000101010101011010101010100 11010010101010101001010101101100000000000000000000000000000000000000000001010010101010101101010101010010101010101001011001000000 00000000000000000000000000000000010001110101001101001010101010100101010101001010101101010000000000000000000000000000000000000000 00101010010101010100101010101010010110010100110110000000000000000000000000000000000000000010001100101010101010010101010100101010 10101001010111001000000000000000000000000000000000000001010101010010101010101001011001010011010010101010110000000000000000000000 00000000000000000000111010100101010101001010101010100101010101001010111010000000000000000000000000000000000000000010101010100101 10010100110100101010101010010101011010100000000000000000000000000000000000000000010100101010101010010101010100101010101010011110 11010000000000000000000000000000000000000000001010010101010101101010101010010101010100101011101000000000000000000000000000000000 00000001001010101001111001010011010110101010101001010101101010000000000000000000000000000000000000000001010010101010101001010101 01001010101010010101100100000000000000000000000000000000000000001001010101001111001010011010010101010101001010101101010000000000 00000000000000000000000000000000101001010101010100101010101001010101010110101100100000000000000000000000000000000000000001001110 10100110100101010101010010101010100101010110101000000000000000000000000000000000000000001101010010101010100101010101010010110010 10011011000000000000000000000000000000000000000000100110010101010101001010101010010101010101001010111001000000000000000000000000 00000000000000000010101001010101010100101100101001101001010101011000000000000000000000000000000000000000000101010100101010101001 01010101010010101010100101011101000000000000000000000000000000000000000010010101010010110010100110100101010101010010101011010100 00000000000000000000000000000000000000001010010101010101001010101010010101010101001111010000000000000000000000000000000000000000 00010100101011101010010101010100101010101010010101110010000000000000000000000000000000000000000001010100101010101011010101010100 11110010100110110101010011010010101010101001010101010010101011101001010101010010101010101001010101010010101110001000000000000000 00000000000000000000001010101010110101010101001101001010101010100101010110100000000000000000000000000000000000000000000101001010 10101010010101010100101010101010010110010000000000000000000000000000000000000001000111010100110100101010101010010101010100101010 11010100000000000000000000000000000000000000000110101001010101010010101010101001011101010011011000000000000000000000000000000000 00000000100011001010101010100101010101001010101010100101011100010000000000000000000000000000000000000001010101001010101010100101 10010100110100101010101100000000000000000000000000000000000000000001101010010101010100101010101010010101010100101011101110000000 00000000000000000000000000000010001010101001011001010011010010101010101001010101101010000000000000000000000000000000000000000001 01001010101010100101010101001010101010100111101000000000000000000000000000000000000000010010101001010101010010101010101001010101 01001010111000100000000000000000000000000000000000001010101010110101010101001011001010011010010101010110000000000000000000000000 00000000000000001101010010101010101001010101010110101010101001010111000100000000000000000000000000000000000000100101010100111100 10100110101101010101010010101011010100000000000000000000000000000000000000000010100101010101010010101010100101010101011010110010 000000000000000000000000000000000000000100111010100110100101010101010010101010100101010
dbpsk_quadrant_imag_sign(6999):
10011010000011000111010001110001110000000010011100000011110111000111110000111010001000001000111110001111010001000111000000001001 00011000001000010100101000001111010000001110111000011100000000011100001001110111011000001011011000111110110000011000111010010000 00000000000001101111111111010010010000000011011000111011000110000110001100000100001111011000111100000000001111110001110010000100 00110101000000111001110011010110100101000000000001111000111000001001111111110000110000101111010100101001111100011100000000000111 01101000111101100000000010000101110110110110001111011100001000010100110111100110000001001100110111100011111010001000000000000101 11110011110100010000100000000011000000110111111111100000010001100011111011001101110110011010000000011000011111000110000110000000 00010001001110010000110000100110011101111101111000110000011101000000000000000111010010011000010000000000000000100011000110000000 10110110001001111001110001100001111100010010001001110000000111100011110000011111011111100011111111111110000010011001001011110111 10011010000010110001100001101100000100011101100111111001110001011101100011100000110110000011111000001001000010100001110111100011 11111000000000100100010001000100110001111011111001000000001010100001111100111010011111101100000011011111110000011011011111111111 10000010000000101100111110111110001001101111101100000001011000110000001001000000100000111110010000000000010100110111011000011110 11011010110010110011000011111111000110000000000001100000011001011010000111000010000001000000110001101101100110010011000111111101 10110000010110000000011000010001100111110111000001111101001111100010011100011100111100011000011110001111100000000000100101100100 01000010111110001111110001100011100000000100000111011011001000000110001000100000000011000000110000000011111100100001100000010110 01001101010110000101110010010100110011000111011110101000111110010000001011000110011111000111111011101101000111000001110100110101 10111000000011000000010010101001000111110001010000000001110000010010000011010000111000001001100110001100000100111010001110011101 01110000010000010000111011001101100110100000111110110000010010010110000110110111110001001101100110011000001110111100011001111101 10001001111100010111001100000011111110010001111000001011101000100011100011000011111000001110001100000011001000000010011111010011 11111001000001011000100110101000111101101000110100000110011111000100011111110111111100011111010011110010110000001100111001100100 00010000001100101011100000010110110000110100011101011100011000000011001110000011000001100001001111100110000001100111111101111000 00000001111100101111000000101100111111101110001011101001110011100100001000010011000001000111101100100101001000001011000111011111 11101011100010001100011010010111110100011011100000110011001000001100011110011110000001100000001101000010111000011000100000110000 01100110001000111101000010001010000011000101000110001110000000001100000110001110001100011100000001101000001100111111111111111111 11111111111111111111111110110100110001100100000000101000110001110000000010110111111111111111111111111111111111111111111111100000 11000111000000011010000011010011000110000011111111111111111111111111111111111111110110000110000010100011000111000110001010000011 00011111111111111111111111111111111111111111111111111100001000111000001111000000011000011000001010011111111111111111111111111111 11111111111001111000000001110001100010100000000001000001100011111111111111111111111111111111111111111111101111100000011100000001 10000110000010100011000111111011111111111111111111111111111111111111010110000110001010000001000100000110001110000011111111011111 11111111111111111111111111111111111111000000011001011000001010001100011100001000101101111111111111111111111111111111111111111011 11100000110001110001100011100000110100110001100000111111111111111111111111111111111111111101100001100000101000110001110000000010 10000011000111111111111111111111111111111111111111111111011111000000011010000011000011000110010000000010111101111111111111111111 11111111111111111110011110001100011100000000101000001100011100001000111110111111111111111111111111111111111111111111101000001100 00110001110100000000111000110001111011011111111111111111111111111111111111111011100000000010100000110001110000000110100000110010 01101111111111111111111111111111111111111111110000110001010000001000100000110001110000000011111011111111111111111111111111111111 11111110111000000011000011000001010000000011100011000101101101111111111111111111111111111111111111111110000000001010000011000111 00011000111000000011111101111111111111111111111111111111111111110111000000011000011000001010000000011100011000101101101111111111 11111111111111111111111111111111000000000101000001100011100011000111000000111111101111111111111111111111111111111111111110111000 10001100001100000101000110001110000100010110110111111111111111111111111111111111111111111100000110001110001100011100000110100110 00110000011111111111111111111111111111111111111111010010110000010100011000111000000001010000011000111110111111111111111111111111 11111111111111111111100000000111000001100001100011001011000001010110111111111111111111111111111111111111111011110001100011100000 00010100000110001110001100011111011111111111111111111111111111111111111101110000000110000110000110100000000111000110001111011111 11111111111111111111111111111111111111110000000001010000011000111000000011010000011001001001111111111111111111111111111111111111 10011001100000101000110001110001100010100000110001111101111111111111111111111111111111111111111111110001100011100000011100000001 10000110000010010000000110000110000010100011000111000110001011100011000111000110001010000001000100000110001111111111111111111111 11111111111111111111111011111000000011000000011000011000001010001100011111101111111111111111111111111111111111111101011000011000 10100000000001000001100011100000111111110111111111111111111111111111111111111111111100000001100001100000101000110001110001100010 11011111111111111111111111111111111111111110111110000011000111000110001110000011110011000110000011111111111111111111111111111111 11111111011000011000001010001100011100000000101000001100011111111111111111111111111111111111111111111111111100000001111000001101 00110001100101100000101011011111111111111111111111111111111111111001111000110001110000000010100000110001110001100011111011111111 11111111111111111111111111111111111010000011000011000110010000000010100011000111101111111111111111111111111111111111111111011110 00000000101000001100011100000001101000001100100101111111111111111111111111111111111111100111100011000111000000001010000011000111 00011000111111111111111111111111111111111111111111111011111000001111000000011000011000111010000000011111101111111111111111111111 11111111111111111111110000000011100011000101000000001010000011000111111111111111111111111111111111111111111111111100000001100001 10000010100000000111000110001011011011111111111111111111111111111111111111111100000000010100000110001110001100011100000011111111 111111111111111111111111111111111111111111100000001100001100000101000110001110001100010
