file=gough-lui-v90-v92-modem-sounds/FF_U/Agere-SV92-QC_L.g711
start_ms=13200.000 mode=carrier-dbpsk carrier_hz=1860.000 sym_rate=3429.000 offset_samples=0.000
symbols=7000
timing_loop=on gain=0.0300 tau_min=-3.0000 tau_max=3.0000 tau_end=2.7078 rate_corr_min=-0.10454 rate_corr_max=0.11665 rate_corr_end=0.10691
dbpsk_bits(6999):
00000000110011000000000001011110000011101000010001001001100001000100000100111000100010000001010101000000010100100000001001000101 00000000010001000000110010000000000000100000000000010000110010001000000000000100000000000000001001100001000100010000000011001000 00000000011000000000000000000000001100000000000010010010101011010001001011000000010000001001110000000000001001100011010000101000 01000010100000001001010001110000000010010000101010000011100000101100100000000000000101000010100100000000001000001010010100000100 00000000000101001000000110100100010000010000100000000000000000010011010000000011001100001001010000000100000000010000010000000100 00001000001010100010000001011001000100000000100000000001010000010001000000000001000010100000100100000011010000001001001100000000 01001100000000010110010000100000100000010000000101100010000010001000010001000100100101100010000000010001000000100000000101000010 01000000010100000000011010000001000100010000000000101000101001000000000111000000011010000000101110000010000100100110010010000101 11000100001000001000000000001010010000100000010000000000000000110001000000000100001000000000101110010001010100000000010000000101 00000010000000101000000000000001111100001011010100000100000000110001010010000000000100100100010100000000100001000000001001000000 00100100000000000000000000010000110000000010000000001000000100101000010001000101100000000000100000000000000001000000001001000101 01100000000000000000000000001010100000010000000010101000000000001000100000000000000000000010000001000001000000100000000011000001 00010000000100000100100010100000010100000001000010100100000000000010011001000010100100000000000110000000000111001001000100000100 00001000000010010000010011110000000000000001000100110000000000010101010000000000000000000001001000100000000001000011100000001000 00000100100000010100100000000000000100000001000000010000000000000000111100000111000000000000000000001010000110100000000000000001 00010001101010010001010010100000000000000100000001001001000100000010000010000001010010010000010000001000000000001001010000000100 00000001000110000000100100010100000001000000000010001010100000010000000001011011000001000000000000010000011000000100000100000000 00010000011011010000011000010001000010000000011100001001001001000000010000000000000101000000011000000010000000000000000100100000 10100000000000000100100010000001110001000010010000000010000100000010000100000000000000010001000100000000010000000010101011101000 10000100000001001101110100000000010100010100010000000010000000000000000010000001000000000000000101001000100100000101001001100000 00010001000000100000000000100000000000000000100000100000010100000100000001001000100000100000100100001100000001001000010001100010 00100000010001000001000010000100000010000110010110001001000000001000000001001100000001101000001010011100011000001000000000010001 01000000010000010100000110100000010001000010000111001010110100000001010010101000000001000000010000000000000000001001111110000010 00000010000011000000010000000000100000001000100000010010100000000000001010000110000011001011000000010000001000000000100100100100 00011000001000000100000000010001000001001100000000000000100000000100011010000000000100100010100000010010000010000100001110000000 00010000010000110101100101101011001011010110010110101100100101011010101010110101010101101010101011010100011101111111111111111111 11111111111111111011100110101100101101011001011010110010110101100100001111111111111111111111111111111111111111110010101101010101 01101010101011010101010110101001001111111111111111111111111111111111111111010101011010101010110101010101101010101001010100101111 11111111111111111111111111111111111111001011010101010110101010101101010101101010101000011111111111111111111111111111111111111011 10011010110101010110101010110101010110101101001010111111111111111111111111111111111111111101011010101011010110101010110101010110 10101011100111111111111111111111111111111111111110101010110101010110101010101101010101101011001011000111111111111111111111111111 11111111101110101011010101010110101010110101010110101100101100011111111111111111111111111111111111101110101011010101011010101010 11010101011010110010110001111111111111111111111111111111111110110101011010101011010101010110101010101101011001000011111111111111 11111111111111111111111111111010110101010101101010101011010101010110101010011111111111111111111111111111111111111111111101010110 10101010010101010110101010101101010100111111111111111111111111111111111111111111110010110101010101101010101011010101011010101010 00011111111111111111111111111111111111111001010101101010101101010101011010110010110101100001100011111111111111111111111111111111 11111111101011010101010110101010101101010101011010101001111111111111111111111111111111111111111111010101011010101010110101010101 10101010101101010011101111111111111111111111111111111111111101101010110101010101101010101001010101011010101001111111111111111111 11111111111111111111110110011010110010110101101010101101010101011010100101111111111111111111111111111111111111110110011010110100 11010110101010110101010110101010011111111111111111111111111111111111111111011010101101010101101010101011011001011010110100011011 11111111111111111111111111111111111011001101011010101011010101011010101011010110010111001111111111111111111111111111111111111111 01011010101010110101010110101101010101101010010101111111111111111111111111111111111111011001101011010101011010101010110101010110 10101000011111111111111111111111111111111111111111101010010101010110101010110101101000101001010001101111111111111111111111111111 11111111111010100101100101101011010101011010101011010101001011111111111111111111111111111111111111111101011010101011010110101010 11010101011010101001111111111111111111111111111111111111111111101011010101011010110101010110101010110110010110111111111111111111 11111111111111111111111101101011000011011010101010010101010110110010010110101010110101101000101101010101101010100101011010101011 01010101101011010101011010100111111111111111111111111111111111111111111100110101101010101101010101101010101101001010010101111111 11111111111111111111111111111111101011010101011010110100010110101010110101010010111111111111111111111111111111111111111110011010 11010101011010101011010101011010010100101011111111111111111111111111111111111111110101101010101101011110101011010101011010101000 00011111111111111111111111111111111111110010110101101010101101010101101010101101011010010101111111111111111111111111111111111111 11101011010101011010110101010110101010110100010111101111111111111111111111111111111111111111010110101010110101101010101101010101 10101010011111111111111111111111111111111111111111111010110101010110101101000101101010101101010100111111111111111111111111111111 11111111111111011010110100010110101010110101010110101101000110111111111111111111111111111111111111010101011010101011010110101010 11010101011010101000000111111111111111111111111111111111110111001101011010101011010101011010101011010110100011011111111111111111 111111111111111111101010101011010101011011000011011010101011010101000011111111111111111
dbpsk_bits_inverted(6999):
11111111001100111111111110100001111100010111101110110110011110111011111011000111011101111110101010111111101011011111110110111010 11111111101110111111001101111111111111011111111111101111001101110111111111111011111111111111110110011110111011101111111100110111 11111111100111111111111111111111110011111111111101101101010100101110110100111111101111110110001111111111110110011100101111010111 10111101011111110110101110001111111101101111010101111100011111010011011111111111111010111101011011111111110111110101101011111011 11111111111010110111111001011011101111101111011111111111111111101100101111111100110011110110101111111011111111101111101111111011 11110111110101011101111110100110111011111111011111111110101111101110111111111110111101011111011011111100101111110110110011111111 10110011111111101001101111011111011111101111111010011101111101110111101110111011011010011101111111101110111111011111111010111101 10111111101011111111100101111110111011101111111111010111010110111111111000111111100101111111010001111101111011011001101101111010 00111011110111110111111111110101101111011111101111111111111111001110111111111011110111111111010001101110101011111111101111111010 11111101111111010111111111111110000011110100101011111011111111001110101101111111111011011011101011111111011110111111110110111111 11011011111111111111111111101111001111111101111111110111111011010111101110111010011111111111011111111111111110111111110110111010 10011111111111111111111111110101011111101111111101010111111111110111011111111111111111111101111110111110111111011111111100111110 11101111111011111011011101011111101011111110111101011011111111111101100110111101011011111111111001111111111000110110111011111011 11110111111101101111101100001111111111111110111011001111111111101010101111111111111111111110110111011111111110111100011111110111 11111011011111101011011111111111111011111110111111101111111111111111000011111000111111111111111111110101111001011111111111111110 11101110010101101110101101011111111111111011111110110110111011111101111101111110101101101111101111110111111111110110101111111011 11111110111001111111011011101011111110111111111101110101011111101111111110100100111110111111111111101111100111111011111011111111 11101111100100101111100111101110111101111111100011110110110110111111101111111111111010111111100111111101111111111111111011011111 01011111111111111011011101111110001110111101101111111101111011111101111011111111111111101110111011111111101111111101010100010111 01111011111110110010001011111111101011101011101111111101111111111111111101111110111111111111111010110111011011111010110110011111 11101110111111011111111111011111111111111111011111011111101011111011111110110111011111011111011011110011111110110111101110011101 11011111101110111110111101111011111101111001101001110110111111110111111110110011111110010111110101100011100111110111111111101110 10111111101111101011111001011111101110111101111000110101001011111110101101010111111110111111101111111111111111110110000001111101 11111101111100111111101111111111011111110111011111101101011111111111110101111001111100110100111111101111110111111111011011011011 11100111110111111011111111101110111110110011111111111111011111111011100101111111111011011101011111101101111101111011110001111111 11101111101111001010011010010100110100101001101001010011011010100101010101001010101010010101010100101011100010000000000000000000 00000000000000000100011001010011010010100110100101001101001010011011110000000000000000000000000000000000000000001101010010101010 10010101010100101010101001010110110000000000000000000000000000000000000000101010100101010101001010101010010101010110101011010000 00000000000000000000000000000000000000110100101010101001010101010010101010010101010111100000000000000000000000000000000000000100 01100101001010101001010101001010101001010010110101000000000000000000000000000000000000000010100101010100101001010101001010101001 01010100011000000000000000000000000000000000000001010101001010101001010101010010101010010100110100111000000000000000000000000000 00000000010001010100101010101001010101001010101001010011010011100000000000000000000000000000000000010001010100101010100101010101 00101010100101001101001110000000000000000000000000000000000001001010100101010100101010101001010101010010100110111100000000000000 00000000000000000000000000000101001010101010010101010100101010101001010101100000000000000000000000000000000000000000000010101001 01010101101010101001010101010010101011000000000000000000000000000000000000000000001101001010101010010101010100101010100101010101 11100000000000000000000000000000000000000110101010010101010010101010100101001101001010011110011100000000000000000000000000000000 00000000010100101010101001010101010010101010100101010110000000000000000000000000000000000000000000101010100101010101001010101010 01010101010010101100010000000000000000000000000000000000000010010101001010101010010101010110101010100101010110000000000000000000 00000000000000000000001001100101001101001010010101010010101010100101011010000000000000000000000000000000000000001001100101001011 00101001010101001010101001010101100000000000000000000000000000000000000000100101010010101010010101010100100110100101001011100100 00000000000000000000000000000000000100110010100101010100101010100101010100101001101000110000000000000000000000000000000000000000 10100101010101001010101001010010101010010101101010000000000000000000000000000000000000100110010100101010100101010101001010101001 01010111100000000000000000000000000000000000000000010101101010101001010101001010010111010110101110010000000000000000000000000000 00000000000101011010011010010100101010100101010100101010110100000000000000000000000000000000000000000010100101010100101001010101 00101010100101010110000000000000000000000000000000000000000000010100101010100101001010101001010101001001101001000000000000000000 00000000000000000000000010010100111100100101010101101010101001001101101001010101001010010111010010101010010101011010100101010100 10101010010100101010100101011000000000000000000000000000000000000000000011001010010101010010101010010101010010110101101010000000 00000000000000000000000000000000010100101010100101001011101001010101001010101101000000000000000000000000000000000000000001100101 00101010100101010100101010100101101011010100000000000000000000000000000000000000001010010101010010100001010100101010100101010111 11100000000000000000000000000000000000001101001010010101010010101010010101010010100101101010000000000000000000000000000000000000 00010100101010100101001010101001010101001011101000010000000000000000000000000000000000000000101001010101001010010101010010101010 01010101100000000000000000000000000000000000000000000101001010101001010010111010010101010010101011000000000000000000000000000000 00000000000000100101001011101001010101001010101001010010111001000000000000000000000000000000000000101010100101010100101001010101 00101010100101010111111000000000000000000000000000000000001000110010100101010100101010100101010100101001011100100000000000000000 000000000000000000010101010100101010100100111100100101010100101010111100000000000000000
dbpsk_quadrant_imag_sign(6999):
11011100111111011000000000111111110000011100001110000000000001001111011111111011111000010100001110010001100000000111110100011011 10011011000011011000001110001110001111110000100101000011010000011010010011111101101100001111111100001000001110010111111111010001 00010000011101000001001100001110011110011001111001101101001100000010001000010000000001011101111100000110010110000011000011000000 00011010100000011001111000000110000111101100110111000000001001011100101100111100011001001000011000010000011100111000011111010000 00111011100001110000001101010000100111111101000000011001100011001111100000110000111001100000000000000000110111100111101001001000 11000111101000111000001110000110001100000100001110011001011100000000001111110001110110000100000000110000011111011100111101111000 11111100000111111000001100000101101100110000011100000101111100010100011110000110001000000010111101111111100110010000001011111110 01101101010011110010000010000011100010011100110100001001000110111110011101100000111010000100011111110011110100010000000010000010 00000001111111111111000001001010001111111111111011111100011000000001011000011111000110000110000000001100011111000010101100001001 10010111111000001100111000001110100000000000001111011001001100001100010100000000110010010011100100001011011001100011010111100111 00001011110010001001100111000001111001001001100000111110111000100111111100101100000010010100111111001011110011110000001110000110 00011011000001110011111000111011001101100010111100000010000011011011010111110000100011000110000011101111100110111100000000001001 00010001001100110000011110001100100000001001000000111110011110110110111000111011100111111100000000111101111110011001100100000001 01100111110001111000101011111110110000000111100011000000100111110001000101111100100000000011111000001110110011111111111000011000 11100011000011100111000110000000100101100001011011101100000011100001110001000000010000110110110111101001111101110111101011000001 01100000011111000100011111111100110000011101110001111101111101100011110111100001000011110001111100000000010100111100100010110100 11111001111100010111001110011100000000011101101100100000011000100011000000110000000010000010001111000011101111000000001101000110 10101100001100001100110001101110000110111101010000011000010000010110011100111110001110110111100010001110000001101011111011011010 00100110001000100100110001000100000000110000010001101100001100000000010000111000000011000110001100000100111010001110011101011101 00011000011101110000000000111100010100011000000000010110011111000011110000111001001100110011011001001011110000010000000000010000 00011111001011100111100101100110001000110100011001100100010001110111101001100000000011100110000101000100000001001011101000111111 00100000101100010001000100011111101000111000011111000111000010001111110011011110001110111001110001001000110110011001110000000010 00000100100101000000001000010100011110101110101110001100000001100111000101100000010000000110111011000000110011101111111110000000 00110111111101101001101110011000111011101100111010011100110010100101101101110000010000110000011001111110000101100010101111110001 01100011000110001110111011111010001101110000011001100100000100001101000111001000110000010001000001111000001000100000110000111000 10010000001000011000110000110001100001100011000011000111001110000000111100000001111000000001110000100011111111111111111111111111 11111111111111111001001011000001010110000110101100011001011000110000010111111111111111111111111111111111111111111100000110001000 00010101000000001010000000010110101111111111111111111111111111111111111110111110001100011100011000100000110101000000001011010111 11111111111111111111111111111111111111110000000011100011000111000010001010000000010000111111111111111111111111111111111111111001 11101100011111100001010100000000000000000000110110111111111111111111111111111111111111111110001100010101100011111100000010100000 00000111011111111111111111111111111111111111111101111100011010100011000111000010001010110001100111101111111111111111111111111111 11111111111111110001100010000000010100011000101000000110001110111111111111111111111111111111111111110111110001100010000000011100 01100010101100011001111011111111111111111111111111111111111110011110000000010100000000101011000001010110000010000111111111111111 11111111111111111111111101111100000000101000110001110001100011100011000111111111111111111111111111111111111111111111111110000001 01010000000010100011000111000110001111111111111111111111111111111111111111111111111100011000111000110001110000000010100000000100 00111111111111111111111111111111111111111111110000000001010000000010101100011000011000110011110111111111111111111111111111111111 11111111100001100011100011000111000110001110001100011111111111111111111111111111111111111111111111111110000100011100011000111000 11000111000110001111101111111111111111111111111111111111111111111100001000111000110001000000001010001100011101111111111111111111 11111111111111111111110100101100011000011000111101000010001110001101011010111111111111111111111111111111111111110100101100011000 00000000011100011000100001000111111111111111111111111111111111111111111111011111000110001000000001110000000000001100000011111011 11111111111111111111111111111111111010000110001111110001100010001100011100000011001110111111111111111111111111111111111111111111 10001100011100000000100011000110101000110001111101111111111111111111111111111111111111010000110001101010001100010000000011100011 00010000101111111111111111111111111111111111111111110000000011100011000101011000110000000000001111101111111111111111111111111111 11111111100111000000110000000000001110001101010001100010100111111111111111111111111111111111111111111100001100010101100011000000 01100010000000011100111111111111111111111111111111111111111111100000000000001100000011100000011100000000001111111111111111111111 11111111111111111111101110000001100000000000010000000011100000011001100000000111000000110000000110001000110001001110001101010001 10001000110000001110000001111111111111111111111111111111111111111111001001011000111111000010101000000000000000000001101101111111 11111111111111111111111111111111110000000011100000011000000011000100011000101001011111111111111111111111111111111111100100001100 00001110000001010000000000000000000011011011111111111111111111111111111111111111111000110001010110001111110001101010001100010000 10111111111111111111111111111111111111001111011000111111000110101000110001000110000001111101111111111111111111111111111111111111 11110001100010101100011111100000010100000000001110111111111111111111111111111111111111101111000011000101011000111101000110001000 00000111011111111111111111111111111111111111111111111100011000101011000110000000110001000000001110011111111111111111111111111111 11111111101011100000011000000011000100011000101011000111111110111111111111111111111111111111111111101110000000011100000011010100 01100010001100010000101111111111111111111111111111111111111110010110001111110001101010001100010001100000011111011111111111111111 111111111111111111110111010000001110000001100000001100010001100010000111111111111111111
