file=gough-lui-v90-v92-modem-sounds/FF_U/Agere-SV92-QC_L.g711
start_ms=13500.000 mode=carrier-dbpsk carrier_hz=2925.000 sym_rate=3000.000 offset_samples=0.000
symbols=7000
timing_loop=on gain=0.0300 tau_min=-0.7488 tau_max=1.6424 tau_end=-0.6864
dbpsk_bits(6999):
10011001011000000101000001000101100001010001010001100100000010001000001010101000100000000000011110000010100000001111101110000100 10101000100100000000100100001000001110010000100010100000010000010000110000100100110000000010011000100000100100101000110110000101 00000101000100011000001000111000000000000000010110110000100110010000000000000011110111101100010000010011000100000010001111001101 00110000110100000000001100000100001100100001001001001000100100101000000110000100000000000011110000100000101000100110001010100000 00000000000000000000100000111110001000000000001101011101101000101001000010010100001100000000000100010010010100100000100000100010 01001111100110000000000101111000100011110000100010011011101010001000000000000000011011101001010010101011000100111010100000000100 00000000001110000000100010000000100000100001110000010000100000010001100001100000001000010011000000001100000111100000101000100000 00000111000110010100100000001011100000000010110010100101100000010110001000010000000111100000001000100100000010100000010100000000 00010111110011010011000100011000101001000000011010100000000001010000001001100101000011000001010101001011110100001000001000000001 00001111110000000001101010000101010000000010010000001110010001000000010011100000011010000000000010000000110001011110000011111011 00000000001010000001001100011000000000000101011010101010000001000000100000000101100110000100000001100010101001100101110101111000 10010100100111110000001001000100000000100000001100010000100100100011100100000000101110000111100100010010000000000001110011100001 10000001000110010100011100000010000100000010001000000010000000111010000000001010110111110000100000000000010000101001100010010011 01100000000001001100100000000000110101110100000011110010000110000001000010000010010000000100000110001011111101000000100010110000 01101111010010011100010101000011100001001001001100000001111001000101010000000110000000010000000000000000000000000000000000000000 00000000000000000000000000000000000000000000110000000000000000000000000000000011000000000000000000000000000000000000000000100110 00000000000000000000000000000001000000000000000000000000000000000000000000010101000000000000000000000000000000001000000000000000 00000000000000000000000000001010100000000000000000000000000000000100000000000000000000000000000000000000000001110100000000000000 00000000000000000010000000000000000000000000000000000000000000101010000000000000000000000000000000010000000000000000000000000000 00000000000000010101000000000000000000000000000000001000000000000000000000000000000000000000000010011000000000000000000000000000 00000110000000000000000000000000000000000000000001001100000000000000000000000000000000110000000000000000000000000000000000000000 00100100000000000000000000000000000000011000000000000000000000000000000000000000000100100000000000000000000000000000000010000000 00000000000000000000000000000000000010010000000000000000000000000000000000000000000000000000000000000000000000000000000010000000 00000000000000000000000000010000000000000000000000000000000000000000000001000000000000000000000000000000000000000000000000000000 00000000000000000000000000100000000000000000000000000000000000000000000000000000000000000000000000000000000100000000000000000000 00000000000000100000000000000000000000000000000000000000000010000000000000000000000000000000000000000000000000000000000000000000 00000000000001000000000000000000000000000000000000000000000000000000000000000000000000000000001000000000000000000000000000000000 00000000000000000000000000000000000000000000000100000000000000000000000000000000000000000000000000000000000000000000000000000000 10000000000000000000000000000000000000000000000000000000000000000000000000000000010000000000000000000000000000000000000000000000 00000000000000000000000000000000001000000000000000000000000000000000000000000000000000000000000000000000000000000001000000000000 00000000000000000000000000000000000000000000000000000000000000000000100000000000000000000000000000000000000000000000000000000000 00000000000000000000010000000000000000000000000000000000000000000000000000000000000000000000000000000010000000000000000000000000 00000000000000000000000000000000000000000000000000000001000000000000000000000000000000000000000000000000000000000000000000000000 00000100000000000000000000000000000000000000010000000000000000000000000000000000000000000100000000000000000000000000000000000000 00000000000000000000000000000000000000000010000000000000000000000000000000000000000000000000000000000000000000000000000000010000 00000000000000000000000000000000000000000000000000000000000000000000000000001000000000000000000000000000000000000000000000000000 00000000000000000000000000000100000000000000000000000000000000000000000000000000000000000000000000000000000000100000000000000000 00000000000000000000000000000000000000000000000000000000000000010000000000000000000000000000000000000000000000000000000000000000 00000000000000001000000000000000000000000000000000000000000000000000000000000000000000000000000001000000000000000000000000000000 00000000000000000000000000000000000000000000000000100000000000000000000000000000000000000000000000000000000000000000000000000000 00010000000000000000000000000000000000000000000000000000000000000000000000000000000010000000000000000000000000000000000000000000 00000000000000000000000000000000000001000000000000000000000000000000000000000000000000000000000000000000000000000000001000000000 00000000000000000000000000000000000000000000000000000000000000000000000100000000000000000000000000000000000000000000000000000000 00000000000000000000000010000000000000000000000000000000000100000000000000000000000000000000000000000000010000000000000000000000 00000000000000000000000000000000000000000000000000000000001000000000000000000000000000000000000000000000000000000000000000000000 00000000000100000000000000000000000000000000001000000000000000000000000000000000000000000000100000000000000000000000000000000000 00000000000000000000000000000000000000000000010000000000000000000000000000000000000000000000000000000000000000000000000000000010 00000000000000000000000000000000000000000000000000000000000000000000000000000001000000000000000000000000000000000000000000000000 00000000000000000000000000000000100000000000000000000000000000000001001111111111111111111111111111111111111111111111111111111111 11111111111111111111111111111111111111111111111111111111111111111111111111111111111111111111111111111111111111111111111111111111 11111111111111111111111111111111111111111111111111111111111111111111101011111111011100000000001110001000000010101010010001001010 10110000000000000000000011010001001100010000001000000000010000000110010010101000101100000010100110000000100010111010100101000100 00100000000010100010011001111101001000011111001101000000000010100001001000000000100100000000011010100000011000011000110000111000 00101101000100010001110001000001101010001111010000000000101010011110000010110010010011000001000100000001100011110010000000100000 100001000100000010100111100000100010000001010000011000010010101000011000111100011101100
dbpsk_bits_inverted(6999):
01100110100111111010111110111010011110101110101110011011111101110111110101010111011111111111100001111101011111110000010001111011 01010111011011111111011011110111110001101111011101011111101111101111001111011011001111111101100111011111011011010111001001111010 11111010111011100111110111000111111111111111101001001111011001101111111111111100001000010011101111101100111011111101110000110010 11001111001011111111110011111011110011011110110110110111011011010111111001111011111111111100001111011111010111011001110101011111 11111111111111111111011111000001110111111111110010100010010111010110111101101011110011111111111011101101101011011111011111011101 10110000011001111111111010000111011100001111011101100100010101110111111111111111100100010110101101010100111011000101011111111011 11111111110001111111011101111111011111011110001111101111011111101110011110011111110111101100111111110011111000011111010111011111 11111000111001101011011111110100011111111101001101011010011111101001110111101111111000011111110111011011111101011111101011111111 11101000001100101100111011100111010110111111100101011111111110101111110110011010111100111110101010110100001011110111110111111110 11110000001111111110010101111010101111111101101111110001101110111111101100011111100101111111111101111111001110100001111100000100 11111111110101111110110011100111111111111010100101010101111110111111011111111010011001111011111110011101010110011010001010000111 01101011011000001111110110111011111111011111110011101111011011011100011011111111010001111000011011101101111111111110001100011110 01111110111001101011100011111101111011111101110111111101111111000101111111110101001000001111011111111111101111010110011101101100 10011111111110110011011111111111001010001011111100001101111001111110111101111101101111111011111001110100000010111111011101001111 10010000101101100011101010111100011110110110110011111110000110111010101111111001111111101111111111111111111111111111111111111111 11111111111111111111111111111111111111111111001111111111111111111111111111111100111111111111111111111111111111111111111111011001 11111111111111111111111111111110111111111111111111111111111111111111111111101010111111111111111111111111111111110111111111111111 11111111111111111111111111110101011111111111111111111111111111111011111111111111111111111111111111111111111110001011111111111111 11111111111111111101111111111111111111111111111111111111111111010101111111111111111111111111111111101111111111111111111111111111 11111111111111101010111111111111111111111111111111110111111111111111111111111111111111111111111101100111111111111111111111111111 11111001111111111111111111111111111111111111111110110011111111111111111111111111111111001111111111111111111111111111111111111111 11011011111111111111111111111111111111100111111111111111111111111111111111111111111011011111111111111111111111111111111101111111 11111111111111111111111111111111111101101111111111111111111111111111111111111111111111111111111111111111111111111111111101111111 11111111111111111111111111101111111111111111111111111111111111111111111110111111111111111111111111111111111111111111111111111111 11111111111111111111111111011111111111111111111111111111111111111111111111111111111111111111111111111111111011111111111111111111 11111111111111011111111111111111111111111111111111111111111101111111111111111111111111111111111111111111111111111111111111111111 11111111111110111111111111111111111111111111111111111111111111111111111111111111111111111111110111111111111111111111111111111111 11111111111111111111111111111111111111111111111011111111111111111111111111111111111111111111111111111111111111111111111111111111 01111111111111111111111111111111111111111111111111111111111111111111111111111111101111111111111111111111111111111111111111111111 11111111111111111111111111111111110111111111111111111111111111111111111111111111111111111111111111111111111111111110111111111111 11111111111111111111111111111111111111111111111111111111111111111111011111111111111111111111111111111111111111111111111111111111 11111111111111111111101111111111111111111111111111111111111111111111111111111111111111111111111111111101111111111111111111111111 11111111111111111111111111111111111111111111111111111110111111111111111111111111111111111111111111111111111111111111111111111111 11111011111111111111111111111111111111111111101111111111111111111111111111111111111111111011111111111111111111111111111111111111 11111111111111111111111111111111111111111101111111111111111111111111111111111111111111111111111111111111111111111111111111101111 11111111111111111111111111111111111111111111111111111111111111111111111111110111111111111111111111111111111111111111111111111111 11111111111111111111111111111011111111111111111111111111111111111111111111111111111111111111111111111111111111011111111111111111 11111111111111111111111111111111111111111111111111111111111111101111111111111111111111111111111111111111111111111111111111111111 11111111111111110111111111111111111111111111111111111111111111111111111111111111111111111111111110111111111111111111111111111111 11111111111111111111111111111111111111111111111111011111111111111111111111111111111111111111111111111111111111111111111111111111 11101111111111111111111111111111111111111111111111111111111111111111111111111111111101111111111111111111111111111111111111111111 11111111111111111111111111111111111110111111111111111111111111111111111111111111111111111111111111111111111111111111110111111111 11111111111111111111111111111111111111111111111111111111111111111111111011111111111111111111111111111111111111111111111111111111 11111111111111111111111101111111111111111111111111111111111011111111111111111111111111111111111111111111101111111111111111111111 11111111111111111111111111111111111111111111111111111111110111111111111111111111111111111111111111111111111111111111111111111111 11111111111011111111111111111111111111111111110111111111111111111111111111111111111111111111011111111111111111111111111111111111 11111111111111111111111111111111111111111111101111111111111111111111111111111111111111111111111111111111111111111111111111111101 11111111111111111111111111111111111111111111111111111111111111111111111111111110111111111111111111111111111111111111111111111111 11111111111111111111111111111111011111111111111111111111111111111110110000000000000000000000000000000000000000000000000000000000 00000000000000000000000000000000000000000000000000000000000000000000000000000000000000000000000000000000000000000000000000000000 00000000000000000000000000000000000000000000000000000000000000000000010100000000100011111111110001110111111101010101101110110101 01001111111111111111111100101110110011101111110111111111101111111001101101010111010011111101011001111111011101000101011010111011 11011111111101011101100110000010110111100000110010111111111101011110110111111111011011111111100101011111100111100111001111000111 11010010111011101110001110111110010101110000101111111111010101100001111101001101101100111110111011111110011100001101111111011111 011110111011111101011000011111011101111110101111100111101101010111100111000011100010011
dbpsk_quadrant_imag_sign(6999):
00000100000011000000011000000000000101000101000010000110110000101000010000001101000010011001001101011000000111010000000000011011 00101011010101101111000011011100000000110000101000000100100100010010000101011000001001001000101011000001001000000001000011000001 00000000001000000001000110100001100101100100000001000000100100100000100011100000100111011000000110010010000000010110010000010000 01010100011111010000110110000100110010110010101110110000000001100010110001110110011000001000000100010010100000100000010001000010 00010010000010000111001010000000000010010011000000000000110011111001010110000100000000110010100100100010000100111000000101001000 01100001100000001001110001000100000100001010100110000000011010101100001000010110010010000100000011100000110000010100100000000000 11010010000000000000110001000000010110001100000000001000000010000100101011011111001000000000010000001000100000000001100010110000 00011100001111101100101010101001000101001011011110000000000000100101010011010101100000011001001001110011011100000010011001000000 00000000000001000011001101000011000111001010010000100000100000000001101100011110011110000110000000101000000110001100000010110001 01010000110010100010010011011000000111010110111110010000011000000010000001010100100000111110110000110100010100000000101110000011 00011000001010110000000001001011000111100110011100111000111100001001101010010000000000000011000000011011001001010001100010000000 00100001000000100110000000010011001100100011000001100000110000000010110001100011100011010000000011011011111010011000001011000010 00100001000000100001000100001000000100001011101101101000000100000100101001000011011101000010000001110001010100100000011110101001 00100111001000000000000100001011001100010011001011000100010000000011011001010000010000000000011000111000001100011001001000000001 00100000000110000100000001111000110000010001100001100000000010110100110000101100110101001100100100101101100000100100100101101100 00011011010011011010011011010010011011010010011111111111111111111111111111111111101011011010011011010011011011011011011000010011 11111111111111111111111111111101110110110100001110110000110110100110110100001111111111111111111111111111111111101110110101100001 11011000011010010011011010000111111111111111111111111111111111110011011010110000111111000011010110011111010000111111111111111111 11111111111111111001101101011000011111100001101011001111101000011111111111111111111111111111111111011101011011000011011100001011 01100101111100001111111111111111111111111111111111101110101101101001101101000101101100101101100001001111111111111111111111111111 11111110110110110100110110100110110100110110110100100111111111111111111111111111111110111010110110100110110100110110110110110110 00010011111111111111111111111111111111011101011011010011011010011011011011011011000010011111111111111111111111111111111001101011 01101001101101000101101100101101100001010111111111111111111111111111111111101001011011001011011001011011000011011000001010111111 11111111111111111111111111110101101101101101101100101101101001101101000001011111111111111111111111111111111110101101101001101101 10110110110100110110100001101111111111111111111111111111111111010010110110010110110010110110000110110000010101111111111111111111 11111111111111101011011010011011011001011011010011011010000010111111111111111111111111111111111101011011010011011011011011011010 01101101000011011111111111111111111111111111111110100101101100101101100101101101001101101000101011111111111111111111111111111111 11010110110100110110110010110110100110110100001101111111111111111111111111111111111010110110100110110110110110110100110110100001 10111111111111111111111111111111111101011011010011011011001011011010011011010000110111111111111111111111111111111111101011011010 01101101101101101101001101101000011011111111111111111111111111111111110101101101101101101100101101101001101101000101011111111111 11111111111111111111111010110110100110110110110110110100110110100001101111111111111111111111111111111111010110110100110110110010 11011010011011010000110111111111111111111111111111111111101011011010011011011001011011010011011010000110111111111111111111111111 11111111110101101101001101101101101101101001101101000011011111111111111111111111111111111110101101101101101101100101101101001101 10100000110110100110110100110110110110110110100110110110110110110010110110100110110100000101111111111111111111111111111111111010 11011010011011011011011011010011011010000110111111111111111111111111111111111011001011011001111101000101011000011101100001010111 11111111111111111111111111111110101101101101101101100101101101001101101000001011111111111111111111111111111111110101101101001101 10110110110110100110110100001101111111111111111111111111111111111110010110110010111110010110110000111111000010101111111111111111 11111111111111111101011011011011011011001011011010011011010000010111111111111111111111111111111111101011011010011011011011011011 01001101101000011011111111111111111111111111111111101100110110100110110100010110110000110110000101011111111111111111111111111111 11111010010110110010110110010110110100110110100010101111111111111111111111111111111111010110110100110110110010110110100110110100 00110111111111111111111111111111111111101011011010011011011001011011010011011010000110111111111111111111111111111111111101011011 01001101101101101101101001101101000011011111111111111111111111111111111110101101101001101101100101101101001101101000001011111111 11111111111111111111111111010110110100110110110110110110100110110100001101111111111111111111111111111111111010010110110010110110 01011011000011011000001010111111111111111111111111111111111101011011011011011011001011011010011011010000010111111111111111111111 11111111111110101101101001101101101101101101001101101000011011111111111111111111111111111111110100101101100101101100101101101001 10110100010101111111111111111111111111111111111010110110100110110110010110110100110110100001101111111111111111111111111111111111 01011011010011011011011011011010011011010000110111111111111111111111111111111111101011011011011011011001011011010011011010000010 11111111111111111111111111111111110101101101001101101101101101101001101101000011011111111111111111111111111111111101100100101100 11111010001011010000111011000010101111111111111111111111111111111111111000000000000000000000000000000000000000000000000000000000 00000000000000000000000000000000000000000000000000000000000000000000000000000000000000000000000000000000000000000000000000000000 00000000000000000000000000000000000000000000000000000000000000000000001000000010000000010100100001101101110000000110100100011000 00010100001000111110110000100000010100000110001110000100110100100000000000100001100001100000100000000101110100000000010001100000 00010010111101110000100000000000000010100011000011010010011000111001000010000000101000101001111001110010110001000010110110010110 11000000000000010000001000000000100000010001010110011010000110000010010110000001001100000111010111001010110110110000110000010000 110100010010000100000001010110000000000001100011000110010000100011000010010101100100100
