file=gough-lui-v90-v92-modem-sounds/FF_U/Agere-SV92-QC_R.g711
start_ms=5200.000 mode=carrier-dbpsk carrier_hz=1860.000 sym_rate=3429.000 offset_samples=0.000
symbols=9000
timing_loop=on gain=0.0300 tau_min=-1.0805 tau_max=0.7147 tau_end=-0.8769 rate_corr_min=-0.03602 rate_corr_max=0.02382 rate_corr_end=-0.02923
dbpsk_bits(8999):
00000000000000000000000000000000000000000000010000000000100000000000000000000000000000000000000000000000000000000100000000000000 00000000000000000000000000000000000000000000000010000000000000000000000000000000000000000000000000000000010000000000000000000000 00000000000000000000000000000000000000000000000000000000010000000000000000000000000000000000000000000000000000000010000000000000 00000000000000000000000000000000000000100000000001000000000000000000000000000000000000000000000000000000001000000000000000000000 00000000000000000000000000000010000000000100000000000000000000000000000000000000000000000000000000100000000000000000000000000000 00000000000000000000000000000000010000000000000000000000000000000000000000000000000000000010000000000000000000000000000000000000 00000000000000000000000000000000000000000000000000000000000000000100000000000000000000000000000000000000000000000000000000000000 10000000000000000000000000000000000000000000000000000000010000000000000000000000000000000000000000000000000001000000000010000000 00000000000000000000000000000000000000000000000001000000000000000000000000000000000000000000000000000100000000001000000000000000 00000000000000000000000010000000000000000000000000000000000000000000000000000000000000010000000000000000000000000000000000000000 00000000000000001000000000000000000000000000000000000000000000000000100000000001000000000000000000000000000000000000000000000000 00000000100000000000000000000000000000000000000000000000000000000000000000000000000000000000000000000000000000010000000000000000 00000000000000000000000000000000000100000000001000000000000000000000000000000000000000000000000000000000000000000000000000000000 00000000000000000000000000000000000000000000000000000000000000000001000000010000010000000000000000000000000000000000000000000001 00000100001000001000001000010000010000010000010000100000010000000000000000000010000001000000000000000000010000100000001000000100 00100000100000100000100001000001000001000010000010000110000010000100000100000100000000000000000001000010000000100000010000010000 00010000000010000000000000000000001000001000001000001000010000010000010000010000100000000000100001000000001000001000001000010000 10000000010000010000000010000010000100000100000000100000000000000000000010000000000010000010000011111011111101011111101011100001 00000000010001000001000000001100011000000000000011000000001001010100001011100010010000100000000001000100010100000000101010101100 00000010100011010000110100000110000110100000000101001001000110101011000000000111000000100000000000000000000000000000000000000000 00000000000000000000000000000000000000000000000000000000000000000000000000000000000000110000000000000010000100010001110011001100 11101100100000000000000000100001100001001100110101101100100000000000000000100001000001001100110111110100110000000000000000100001 00000100110011011101010101000000000000000000000100000100110011011101110101000000000000000001000000000100110011001101100001000000 00000000000000100100000110001010000001011000000100100000011000010000010000001010000000001010000100000001010000000000000110000000 00100001001000000011110110000011000001000000010110000001001111010000001010001000000000100001000000000110000000100001101010001000 00000000011000000000000101011000000001000010100100000000000001001000101010101010001000000001000000100001001000100010010011100000 00001000100001001101100000001011000100000001000000000110000101000100010001010000000000000000101000010110001011010000010000000001 01000000100110001010100101001010000010010101010100010100000000000000010010011001010000101101101100000001101000100010000000000110 10000000000101100010000001100000001100010010001001000000000000110000000001001010010010000100001000100000101000000100000000001000 01001000001000101000010001001010100000000000000000100000001001000000000001000000100011000001001000100101100000000000001011110010 00000001000100000010100001010001000000000010100000000000000011000001001000010000000000001000000001001000010000110001100010001000 01001010000000101000000000011000000000000000010001010001000010000000100010010000010010100000101010100100000010000001000000010001 00001000100000100100100010101001000110000000101001000000000100100000010000000101000001100001000000001010101000100000010110110011 01000000000000000011000001000100000001000000000000000101011000101000100110001100000000000000001010000000101111001010000010000000 00100000000000010001000100011001000000010001011010001000010110000000101100000000110101010100000110100000100000000101100000010000 00001000101000001000010000000000100000000101010000001000000100101000000100000000001100101000000101000000101010100101010000000110 00100000000100001010000110000001000000000000100000000101000000001000000010000000000001000000010100000100100010011010001000000000 11000000001101110100001000000000000000100001000000101000101010101011100100000000100110000000110001011101001000000010000101100001 00010010100101010000000000100000001001010100000000000000100000010010011010010100000001010010000000011001010100000000000000000010 01100000000010001100110000010000000110010001000000100000001100101111000110000010000000010000001001000000100011101101001001001010 00100100100000001001001100001000100100000000000000000001101000000100110000000100001001011000010110000001010001000000100010000010 00000000000100000000000110010000010000010010000101010100001010101100100000000100000010101000000100000100001010000100010000100101 01000101000100010110000100100000000011000001001000000000000010000100010000000011000000010001000001000100000001001001000000100000 10001000010011000000000100000000000000000000000000011000100000100010000101101000010010010000010000000000000110000001000000100000 00010010000111000000001000000101010101100000000101000000000000000001100101010001001001001000000000000000000000001100001000110100 00010000001110010000010010000010010000000100000000010000000000001001110001000100000100001000100110000000101000001100010000000001 00011001000100001000001000000000001000000000001000010000100000000000110101011100010001010000001000100001100000100010010000101000 11000000000000100000001100001100000000011000001110000000100000000001000011010001011000011001001000101010010000001010100100000100 00000100011000010000000000100010000000111010100000100000101010000010000010000000000000000100000100110000001000000011100010000100 00011010000000010100010101100001000000100000000110100000010000000100000101011001000001100000000000010000000000010101000100000010 00000101000000010000001000001010110001001000000100010110000010110000101000001000010010001101000000101101000101000110100000010010 00110111000010001000001101000000000000000011010001100000000000000010000001000001010010010000110110001000000000101000000000001100 00011000000000000100010000000010000000000011000001010100100000001000000100000000011010000010010110000000101010000000000001000000 10001001001100100001000100001001000100010011010010000100000010000100010100000110000000000000000010010000100000100001010010000000 10010100000000001100110000001000000000101001100000001000000000000000000100010100001000000000001110010000000000010100101100010010 00101010100001000011000100000001000001000001010000101010000101001100001000000000000000010001000001000000010000000000000100000001 00000000001011100000010011000001000000011000100010011000100100001110101010001001000101000100011001100000000100010010000000101001 00100010000100000101100000000000000000000011011000000000000000000010111010000010000000000000000000000000010000000100101001000000 00000000011010100011000110000101101000100100000010001000000000001001011000100001010000011000000110100101011010000000000100000000 01000100110000011000001011000011010011100000000000000000000000100001010001011100000000010001011001000001001101010000101000000000 00000100101000101001000101010101010110000110000100000010000000010010001101000000100000100000100011011100110000100101001000000100 10000000000000000101100000010000101110010010100101000110000000000010100001010000000000001010000100101001001010100000000000000000 00000100110001001101000101000000100100000100000001000010000010000000101010000001010100000010001000000000100001010001010110000000 00001000000001000101000110100000000000000000000000000000000010101000000000101000010001011001000001001010000100000010101010000001 01100011000000001000000010001000010000100000100001000000000000000000000100001010000000100100010100000000001100000000010000000010 00100010010000000100101000000000001101000101010001001100000101000000100100110100100110000010000000101010000110000000010000011010 11001000000001000000100000000100101001000000110010000100101100110001010100110001000100000000010001001010110100011010000010010010 00100000010000000000000001010110000000101000000001001101010001000001001101000001010010000001001000000010010110001100100000100000 10100010000000001110100000000010000010011000001000001000010001001000001000000000100100000010010100011000000101000110100100010000 00000000000001100100100000000000000101000000001101101010100000010001000000000110101100010000000100100000001010100001101000110000 010100000000110001000001101101000000010
dbpsk_bits_inverted(8999):
11111111111111111111111111111111111111111111101111111111011111111111111111111111111111111111111111111111111111111011111111111111 11111111111111111111111111111111111111111111111101111111111111111111111111111111111111111111111111111111101111111111111111111111 11111111111111111111111111111111111111111111111111111111101111111111111111111111111111111111111111111111111111111101111111111111 11111111111111111111111111111111111111011111111110111111111111111111111111111111111111111111111111111111110111111111111111111111 11111111111111111111111111111101111111111011111111111111111111111111111111111111111111111111111111011111111111111111111111111111 11111111111111111111111111111111101111111111111111111111111111111111111111111111111111111101111111111111111111111111111111111111 11111111111111111111111111111111111111111111111111111111111111111011111111111111111111111111111111111111111111111111111111111111 01111111111111111111111111111111111111111111111111111111101111111111111111111111111111111111111111111111111110111111111101111111 11111111111111111111111111111111111111111111111110111111111111111111111111111111111111111111111111111011111111110111111111111111 11111111111111111111111101111111111111111111111111111111111111111111111111111111111111101111111111111111111111111111111111111111 11111111111111110111111111111111111111111111111111111111111111111111011111111110111111111111111111111111111111111111111111111111 11111111011111111111111111111111111111111111111111111111111111111111111111111111111111111111111111111111111111101111111111111111 11111111111111111111111111111111111011111111110111111111111111111111111111111111111111111111111111111111111111111111111111111111 11111111111111111111111111111111111111111111111111111111111111111110111111101111101111111111111111111111111111111111111111111110 11111011110111110111110111101111101111101111101111011111101111111111111111111101111110111111111111111111101111011111110111111011 11011111011111011111011110111110111110111101111101111001111101111011111011111011111111111111111110111101111111011111101111101111 11101111111101111111111111111111110111110111110111110111101111101111101111101111011111111111011110111111110111110111110111101111 01111111101111101111111101111101111011111011111111011111111111111111111101111111111101111101111100000100000010100000010100011110 11111111101110111110111111110011100111111111111100111111110110101011110100011101101111011111111110111011101011111111010101010011 11111101011100101111001011111001111001011111111010110110111001010100111111111000111111011111111111111111111111111111111111111111 11111111111111111111111111111111111111111111111111111111111111111111111111111111111111001111111111111101111011101110001100110011 00010011011111111111111111011110011110110011001010010011011111111111111111011110111110110011001000001011001111111111111111011110 11111011001100100010101010111111111111111111111011111011001100100010001010111111111111111110111111111011001100110010011110111111 11111111111111011011111001110101111110100111111011011111100111101111101111110101111111110101111011111110101111111111111001111111 11011110110111111100001001111100111110111111101001111110110000101111110101110111111111011110111111111001111111011110010101110111 11111111100111111111111010100111111110111101011011111111111110110111010101010101110111111110111111011110110111011101101100011111 11110111011110110010011111110100111011111110111111111001111010111011101110101111111111111111010111101001110100101111101111111110 10111111011001110101011010110101111101101010101011101011111111111111101101100110101111010010010011111110010111011101111111111001 01111111111010011101111110011111110011101101110110111111111111001111111110110101101101111011110111011111010111111011111111110111 10110111110111010111101110110101011111111111111111011111110110111111111110111111011100111110110111011010011111111111110100001101 11111110111011111101011110101110111111111101011111111111111100111110110111101111111111110111111110110111101111001110011101110111 10110101111111010111111111100111111111111111101110101110111101111111011101101111101101011111010101011011111101111110111111101110 11110111011111011011011101010110111001111111010110111111111011011111101111111010111110011110111111110101010111011111101001001100 10111111111111111100111110111011111110111111111111111010100111010111011001110011111111111111110101111111010000110101111101111111 11011111111111101110111011100110111111101110100101110111101001111111010011111111001010101011111001011111011111111010011111101111 11110111010111110111101111111111011111111010101111110111111011010111111011111111110011010111111010111111010101011010101111111001 11011111111011110101111001111110111111111111011111111010111111110111111101111111111110111111101011111011011101100101110111111111 00111111110010001011110111111111111111011110111111010111010101010100011011111111011001111111001110100010110111111101111010011110 11101101011010101111111111011111110110101011111111111111011111101101100101101011111110101101111111100110101011111111111111111101 10011111111101110011001111101111111001101110111111011111110011010000111001111101111111101111110110111111011100010010110110110101 11011011011111110110110011110111011011111111111111111110010111111011001111111011110110100111101001111110101110111111011101111101 11111111111011111111111001101111101111101101111010101011110101010011011111111011111101010111111011111011110101111011101111011010 10111010111011101001111011011111111100111110110111111111111101111011101111111100111111101110111110111011111110110110111111011111 01110111101100111111111011111111111111111111111111100111011111011101111010010111101101101111101111111111111001111110111111011111 11101101111000111111110111111010101010011111111010111111111111111110011010101110110110110111111111111111111111110011110111001011 11101111110001101111101101111101101111111011111111101111111111110110001110111011111011110111011001111111010111110011101111111110 11100110111011110111110111111111110111111111110111101111011111111111001010100011101110101111110111011110011111011101101111010111 00111111111111011111110011110011111111100111110001111111011111111110111100101110100111100110110111010101101111110101011011111011 11111011100111101111111111011101111111000101011111011111010101111101111101111111111111111011111011001111110111111100011101111011 11100101111111101011101010011110111111011111111001011111101111111011111010100110111110011111111111101111111111101010111011111101 11111010111111101111110111110101001110110111111011101001111101001111010111110111101101110010111111010010111010111001011111101101 11001000111101110111110010111111111111111100101110011111111111111101111110111110101101101111001001110111111111010111111111110011 11100111111111111011101111111101111111111100111110101011011111110111111011111111100101111101101001111111010101111111111110111111 01110110110011011110111011110110111011101100101101111011111101111011101011111001111111111111111101101111011111011110101101111111 01101011111111110011001111110111111111010110011111110111111111111111111011101011110111111111110001101111111111101011010011101101 11010101011110111100111011111110111110111110101111010101111010110011110111111111111111101110111110111111101111111111111011111110 11111111110100011111101100111110111111100111011101100111011011110001010101110110111010111011100110011111111011101101111111010110 11011101111011111010011111111111111111111100100111111111111111111101000101111101111111111111111111111111101111111011010110111111 11111111100101011100111001111010010111011011111101110111111111110110100111011110101111100111111001011010100101111111111011111111 10111011001111100111110100111100101100011111111111111111111111011110101110100011111111101110100110111110110010101111010111111111 11111011010111010110111010101010101001111001111011111101111111101101110010111111011111011111011100100011001111011010110111111011 01111111111111111010011111101111010001101101011010111001111111111101011110101111111111110101111011010110110101011111111111111111 11111011001110110010111010111111011011111011111110111101111101111111010101111110101011111101110111111111011110101110101001111111 11110111111110111010111001011111111111111111111111111111111101010111111111010111101110100110111110110101111011111101010101111110 10011100111111110111111101110111101111011111011110111111111111111111111011110101111111011011101011111111110011111111101111111101 11011101101111111011010111111111110010111010101110110011111010111111011011001011011001111101111111010101111001111111101111100101 00110111111110111111011111111011010110111111001101111011010011001110101011001110111011111111101110110101001011100101111101101101 11011111101111111111111110101001111111010111111110110010101110111110110010111110101101111110110111111101101001110011011111011111 01011101111111110001011111111101111101100111110111110111101110110111110111111111011011111101101011100111111010111001011011101111 11111111111110011011011111111111111010111111110010010101011111101110111111111001010011101111111011011111110101011110010111001111 101011111111001110111110010010111111101
dbpsk_quadrant_imag_sign(8999):
11110011110011100011100011100111100111101111001111001111011110011110011100011100011100011100111001111101111001111011111011110011 11001110001110001110011100011110011100111100111101111101111001110001110001110011110011100011100011100111101111101111001111001110 01111000111001110001110001110011110011110111110111100111001111001111001111001110001110001110011110111110111100111100111001111001 11100111000111000111001111001111011111011110011110111100111100111000111000111000111001111011111011110011110011100111100111100111 00011100011100111100111101111101111001111011110011110011100011100011100011100111101111101111001111001110011110011110011100011100 01110011110011110111110111100111101111001111001111001110001110001110011110111110111100111100111001111000111001110001110001110011 11001111011111011110011100011100011100111100111000111001111001111011111011110011110011100011100011100111100111100111001111001111 01111001111001110001110001110001110011100111110111100111101111101111001111001110001110001110011110011110111110111100111101111001 11100111000111000111000111001111011111011110011110011100111100111100111000111000111001111001111011111011110011100111100111100111 10011100011100011100111101111101111001111001110011110001110011100011100011100111100111101111101111001110001110001110001110011100 01111011110011110111110111100111100111000111000111001111001111011111011110011110111100111100111000111000111000111001111011111011 11001111001110011110001110011100011100011100111100111101111101111001110001110001110001110011100011110111100111101111101111001111 00111000111000111001111001111011111011110011110111100111100111000111000111000111001111001111011110011110011100111100011100111000 11100011100111100111101111101111001111001110001110001110011100011110111101100111101111101111001110001110001110001110011110011111 11111111111111111111111111111111111111111111111111111111111011110011111011110111111111110111001111100111111111111110011111111111 11111111111111111111111111111111111111111111111111111111111111111111111111111110011110111110011111111111111101111111111111111101 11111111011111111111011111011111111111111111111111111111111111111111111111111111111111111111111111111011111111111111111111111111 11111101111111111110111111111111111111111111110111110011110111110011100111110111001111111111111010011101111110110101110111110110 11110001110010000000100100000000110000000000011100100000110101111011100011111110101011100100000011100110111001011011011101010001 00001101000111101001101011011011101101111001111001100000010001010111100010110110100100011110110110110110101101101101101101001011 01101111011011011010110110110110110100101101101101101011011011010010110110110100101101111011111011111011101111001110111010001001 11011000000000010011001110101110110011101000101111111100000000000011001110101100110011001000101111111100000000000011001110111100 11001100111110101110010000000000001100111011110011001100111110001110000000000000001100111111110011001110111110001100100000000000 00110000001110011000000011100000011110101110000000100011111100111110010010000100001111000000111010001001000110111101001110011100 00000001001100100111111111001101000101001100001101101101001111101011111000010000111010111100101000000000111011000000000000001111 10000001111110000100000000011001101100010010001000011100111001011111001001101100100011100000010010000000001011100110000011010000 01101000100001100001111111010100110111100110110011100100000000011100000000001100111100001100000001001111101111110100111100001110 00000111100000010100001000010010010011111001000001100100000111001100011110001110000000100100111111111100110100111111001000011111 00100011001001001000010111100101100000010000000011101001111001111000110001000001110010000001101101110010001000001110000111011101 11000100110000000000000001000111111100001100000100010001101111111010000001100000100101001100000111011111110000110011000101111111 00110111011000100000000110010010011101001011000011100100011000001110111000111011000000111111000001100011110100011011111111000000 00110100000011000011001111000111000000110000010110010011100010010000000001101110000010011111110000000011100010101100111100000111 00111100100100111000000000000011100000000111000000000000110001101110011110001000011100110111100000101000001011101110000011110111 11001110000011001010000001000110001000100111111000100011001111100110000001000000001110000100110000000101111110000011111000001000 10000001100011100001011101100000000001100011111100111111001110011111010001100011100000001101100000000000001111011000000011000001 00001001111000100001000011110000111110111001001101111100110000000011111000000001001110100111101000001110000111000100111010000000 00100011001101110111001100011000100111111011111110011001100011001000110111110001101110000011011101110000000000000001100000110111 10011000110111100000011101000100110101111110000110001100011111100011100000010011001111111100111000000011110000000001111000000010 11010010100011100000111001010100111100000110000000000100001000000111000000110000111000010111110011000000010000010110111000111000 01110110000011011100000011000110110000011110100111000011110000101111110011101100010100010000110110001110001000001011111100111110 00000010000000001000000000100100001100000001100000111100000000111111000101100001000101110001100001101100000100000000011101001101 00100010111111001001001000100010010010011001101001000111100000001111100110001111001000000011110100100010110111010000000011010011 11100000111011000010000000000011000011111110011110001100010000000100011101111000000101111100111011101011000110111000001011111000 00110100101100111111000001100111100100111011000010111101111001110111000000001000011110110010000000000001100111100110001101111000 01100000110010100000000100000000110011111100000000001100011100011000000011000001110001100000000011111100110000100100000111000100 11100101111110000111111000111101010001110001101101000111111000011001110001111100111000110110001100111000110001100100000111111000 01000000001101111100000000001100010000011110001001000001000011111011100001111010000010100000100001100111111100100011000000000000 00001111011000011001001100100111001001001110000000111001111100001110111001100011111001111111000001100001000110110000111011111100 10011111000000000110000110000001100100110010001101000110100000001000001111011001000001100000000000000010001110000111010001101100 01000001100000110000000100000001000010000011010000000000101000000000000101010010000011111100010110000000011100011000110000001001 11000000110000111000000000001011101101000000000000011000000000000010000000000000100000000000000100100000000110100000011001000010 10001111000011001111101110001000000010011000001000110000000100111001111100111001011100000000000110000101101001001000111101001100 01100000011001110000011001101000011001100011001101010000100000011011111111101111001000000000010110010010100011111111011001000000 11000001101001111110110111011000000001111110111011001011100100001110001111001111011000110110000010000001001100000011000110011011 00011011011000111110000011000000011000000100001110000100100000001100010000010110001111111000111111000111011011000011000000111110 00000001111110101001011000100000000011111000110110111000100000011111111100010000011111110001101000010011100000011100011001100111 11100111001111110110111111111001110101101101111010001000001111001101010010011111111100111100101000111100100010000011100011000000 00100000000010110000110111110001000001100100010010100000011110111100010000101100001111100000001100110000011111100011111100111100 11010010001010000001001110011100011110000000011110111000100111000100111001110010110011011000011010011001010010000111110100011101 11000000100000001000010001011111101100000111000010000110100000001111000000111110011100000000000001110000011100010010000001100100 01101000100011110001111111101101011101001011101110011111010011110100011110100110010000000000000000111110111100100001001000000000 10101101111110000011001100000100111100101100010000101111100011110010111011100011000111111101000000000001011000000100011110000001 11110001111111100000010011010000010100001110110100000011001001011000000110011100111000000010111100011100001001001001010000111011 10111111000000001100000000000000111000011101100010000011001111000000000000011000000101000110010000000111011110000111010000000111 00000010100010111110011110000000010010000111000010111100100000001100110011001111100000001000100100111100011111000000000110000100 10000001101101110000001101100010110011110001000011111011001010110000010010000000001110011110110011101001101111100000010000000011 10001100110100000000000001000001110001001000111000010111110100110000000100010000001011100110010001110101000100000001110001110001 00111000111011010010000111100100000110000010100110000001000111001001100001110100010011000011100011100111100010101000111100111000 11000010000111110000000000100000011111111111100010001001110100000001100110000000000001001000000100011101000000010111100000110000 10111110000001011111101111110001001000000111100000001110101111101000111100000111000011111100001001111011111110101011000001000111 011100110001111101111000001111110001100
