# V.34 Phase 3 STFT sub-sequence scores
# sym_rate=3200  fc=1829
# columns: time_s  S_score  PP_score  TRN_flat  label
0.0100  0.074  -0.028  0.328  T
0.0150  0.260  -0.037  0.402  T
0.0200  0.166  0.179  0.077  P
0.0250  0.104  0.205  0.177  P
0.0300  0.122  0.245  0.151  P
0.0350  0.165  0.179  0.077  P
0.0400  0.102  0.205  0.176  P
0.0450  0.121  0.236  0.151  P
0.0500  0.045  -0.075  0.295  T
0.0550  0.066  -0.180  0.291  T
0.0600  0.166  -0.137  0.149  T
0.0650  0.166  0.179  0.077  P
0.0700  0.108  0.204  0.177  P
0.0750  0.119  0.246  0.152  P
0.0800  0.187  0.134  0.070  T
0.0850  0.208  -0.161  0.039  T
0.0900  0.248  -0.156  0.138  T
0.0950  0.161  0.178  0.078  P
0.1000  0.099  0.206  0.177  P
0.1050  0.122  0.244  0.152  P
0.1100  0.163  0.179  0.076  P
0.1150  0.099  0.206  0.176  P
0.1200  0.123  0.235  0.152  P
0.1250  0.042  -0.076  0.299  T
0.1300  0.067  -0.181  0.291  T
0.1350  0.166  -0.138  0.149  T
0.1400  0.166  0.179  0.077  P
0.1450  0.107  0.204  0.177  P
0.1500  0.120  0.236  0.152  P
0.1550  0.045  -0.075  0.295  T
0.1600  0.059  -0.022  0.279  T
0.1650  0.081  0.007  0.203  T
0.1700  0.071  -0.046  0.201  T
0.1750  0.073  -0.049  0.328  T
0.1800  0.259  -0.037  0.402  T
0.1850  0.166  0.179  0.077  P
0.1900  0.105  0.204  0.177  P
0.1950  0.121  0.236  0.152  P
0.2000  0.045  -0.075  0.295  T
0.2050  0.059  -0.022  0.279  T
0.2100  0.081  0.005  0.203  T
0.2150  0.085  0.246  0.151  P
0.2200  0.081  0.250  0.170  P
0.2250  0.084  0.254  0.174  P
0.2300  0.071  -0.046  0.201  T
0.2350  0.073  -0.049  0.328  T
0.2400  0.259  -0.037  0.402  T
0.2450  0.166  0.179  0.077  P
0.2500  0.104  0.205  0.176  P
0.2550  0.121  0.245  0.151  P
0.2600  0.164  0.179  0.077  P
0.2650  0.102  0.205  0.177  P
0.2700  0.123  0.236  0.152  P
0.2750  0.045  -0.075  0.295  T
0.2800  0.067  -0.180  0.291  T
0.2850  0.166  -0.137  0.149  T
0.2900  0.166  0.179  0.077  P
0.2950  0.108  0.204  0.177  P
0.3000  0.119  0.246  0.152  P
0.3050  0.186  0.134  0.070  T
0.3100  0.208  -0.162  0.038  T
0.3150  0.248  -0.157  0.137  T
0.3200  0.161  0.178  0.077  P
0.3250  0.095  0.206  0.176  P
0.3300  0.127  0.244  0.152  P
0.3350  0.162  0.179  0.077  P
0.3400  0.095  0.206  0.176  P
0.3450  0.126  0.235  0.152  P
0.3500  0.044  -0.080  0.308  T
0.3550  0.067  -0.183  0.292  T
0.3600  0.167  -0.140  0.149  T
0.3650  0.166  0.179  0.077  P
0.3700  0.107  0.204  0.177  P
0.3750  0.120  0.236  0.152  P
0.3800  0.045  -0.075  0.295  T
0.3850  0.059  -0.022  0.279  T
0.3900  0.081  0.007  0.203  T
0.3950  0.071  -0.046  0.201  T
0.4000  0.073  -0.049  0.328  T
0.4050  0.259  -0.037  0.402  T
0.4100  0.166  0.179  0.077  P
0.4150  0.106  0.204  0.177  P
0.4200  0.120  0.236  0.152  P
0.4250  0.045  -0.075  0.295  T
0.4300  0.060  -0.022  0.279  T
0.4350  0.081  0.005  0.204  T
0.4400  0.084  0.246  0.151  P
0.4450  0.081  0.250  0.170  P
0.4500  0.084  0.254  0.174  P
0.4550  0.071  -0.046  0.201  T
0.4600  0.073  -0.049  0.328  T
0.4650  0.260  -0.037  0.402  T
0.4700  0.166  0.179  0.077  P
0.4750  0.104  0.205  0.177  P
0.4800  0.122  0.245  0.151  P
0.4850  0.165  0.179  0.077  P
0.4900  0.103  0.204  0.177  P
0.4950  0.126  0.235  0.150  P
0.5000  0.047  -0.074  0.288  T
0.5050  0.066  -0.180  0.288  T
0.5100  0.331  0.072  0.181  T
0.5150  0.683  0.033  0.237  T
0.5200  1.139  -0.200  0.455  T
0.5250  0.843  -0.031  0.460  T
0.5300  0.045  0.067  0.111  T
0.5350  0.013  -0.019  0.110  T
0.5400  0.107  0.072  0.129  T
0.5450  0.340  0.059  0.098  T
0.5500  0.168  -0.118  0.187  T
0.5550  0.128  0.012  0.186  T
0.5600  0.238  0.004  0.266  T
0.5650  0.692  0.017  0.261  T
0.5700  0.351  -0.090  0.380  T
0.5750  0.433  0.067  0.310  T
0.5800  0.519  -0.049  0.249  T
0.5850  0.492  -0.046  0.305  T
0.5900  0.350  -0.014  0.216  T
0.5950  0.200  -0.048  0.196  T
0.6000  0.226  0.025  0.200  T
0.6050  0.169  0.041  0.214  T
0.6100  0.193  0.022  0.200  T
0.6150  0.698  -0.026  0.234  T
0.6200  0.908  0.020  0.211  T
0.6250  0.353  0.071  0.215  T
0.6300  0.486  -0.032  0.258  T
0.6350  0.340  0.027  0.218  T
0.6400  0.218  0.051  0.197  T
0.6450  0.332  0.001  0.292  T
0.6500  0.319  -0.031  0.287  T
0.6550  0.268  -0.064  0.260  T
0.6600  0.606  0.041  0.264  T
0.6650  0.616  -0.013  0.247  T
0.6700  0.263  -0.035  0.207  T
0.6750  0.045  0.070  0.211  T
0.6800  0.142  -0.011  0.299  T
0.6850  0.782  -0.060  0.297  T
0.6900  1.107  -0.075  0.235  T
0.6950  0.827  -0.054  0.288  T
0.7000  0.522  -0.021  0.267  T
0.7050  0.264  -0.017  0.281  T
0.7100  0.679  -0.039  0.247  T
0.7150  1.118  -0.042  0.271  T
0.7200  0.420  -0.022  0.200  T
0.7250  0.433  -0.059  0.268  T
0.7300  0.681  -0.187  0.211  T
0.7350  0.309  -0.169  0.121  T
0.7400  0.165  0.121  0.074  T
0.7450  0.107  0.209  0.176  P
0.7500  0.120  0.244  0.147  P
0.7550  0.189  0.134  0.070  T
0.7600  0.204  -0.164  0.039  T
0.7650  0.264  -0.162  0.132  T
0.7700  0.168  0.158  0.083  P
0.7750  0.103  0.204  0.175  P
0.7800  0.127  0.243  0.156  P
0.7850  0.170  0.180  0.080  P
0.7900  0.107  0.204  0.174  P
0.7950  0.126  0.233  0.156  P
0.8000  0.043  -0.088  0.321  T
0.8050  0.067  -0.189  0.290  T
0.8100  0.173  -0.146  0.147  T
0.8150  0.166  0.179  0.076  P
0.8200  0.097  0.204  0.174  P
0.8250  0.129  0.235  0.149  P
0.8300  0.051  -0.076  0.289  T
0.8350  0.061  -0.022  0.277  T
0.8400  0.082  0.005  0.206  T
0.8450  0.071  -0.045  0.198  T
0.8500  0.073  -0.049  0.324  T
0.8550  0.250  -0.040  0.407  T
0.8600  0.156  0.174  0.078  P
0.8650  0.098  0.203  0.175  P
0.8700  0.123  0.235  0.147  P
0.8750  0.045  -0.075  0.287  T
0.8800  0.063  -0.022  0.277  T
0.8850  0.083  0.004  0.206  T
0.8900  0.086  0.244  0.150  P
0.8950  0.082  0.250  0.169  P
0.9000  0.085  0.254  0.173  P
0.9050  0.072  -0.046  0.198  T
0.9100  0.074  -0.049  0.324  T
0.9150  0.416  -0.111  0.414  T
0.9200  0.682  0.025  0.236  T
0.9250  1.158  -0.200  0.447  T
0.9300  0.193  -0.031  0.266  T
0.9350  0.394  0.014  0.240  T
0.9400  0.459  -0.045  0.278  T
0.9450  0.508  -0.026  0.212  T
0.9500  1.137  -0.098  0.708  T
0.9550  0.542  -0.234  0.385  T
0.9600  0.200  -0.185  0.172  T
0.9650  0.174  0.168  0.077  P
0.9700  0.104  0.205  0.179  P
0.9750  0.129  0.244  0.150  P
0.9800  0.195  0.134  0.068  T
0.9850  0.201  -0.165  0.036  T
0.9900  0.253  -0.164  0.137  T
0.9950  0.161  0.155  0.084  P
1.0000  0.091  0.203  0.172  P
1.0050  0.145  0.245  0.159  P
1.0100  0.171  0.180  0.080  P
1.0150  0.084  0.203  0.170  P
1.0200  0.144  0.234  0.160  P
1.0250  0.055  -0.092  0.334  T
1.0300  0.128  0.003  0.355  T
1.0350  0.422  0.007  0.364  T
1.0400  0.907  -0.117  0.629  T
1.0450  0.239  -0.019  0.182  T
1.0500  0.642  -0.170  0.206  T
1.0550  0.205  -0.153  0.339  T
1.0600  0.078  -0.084  0.248  T
1.0650  0.081  -0.015  0.206  T
1.0700  0.072  -0.046  0.197  T
1.0750  0.073  -0.049  0.324  T
1.0800  0.257  -0.040  0.408  T
1.0850  0.158  0.174  0.078  P
1.0900  0.091  0.203  0.174  P
1.0950  0.130  0.235  0.149  P
1.1000  0.049  -0.075  0.288  T
1.1050  0.060  -0.022  0.277  T
1.1100  0.082  0.004  0.206  T
1.1150  0.085  0.244  0.151  P
1.1200  0.082  0.250  0.170  P
1.1250  0.084  0.254  0.174  P
1.1300  0.071  -0.046  0.197  T
1.1350  0.075  -0.049  0.323  T
1.1400  0.428  -0.110  0.414  T
1.1450  0.679  0.026  0.235  T
1.1500  1.104  -0.199  0.442  T
1.1550  0.433  -0.030  0.264  T
1.1600  0.480  -0.112  0.243  T
1.1650  0.084  0.036  0.176  T
1.1700  0.634  -0.170  0.228  T
1.1750  0.201  -0.151  0.335  T
1.1800  0.105  -0.266  0.302  T
1.1850  0.176  -0.149  0.148  T
1.1900  0.170  0.179  0.075  P
1.1950  0.102  0.204  0.175  P
1.2000  0.125  0.244  0.150  P
1.2050  0.191  0.134  0.068  T
1.2100  0.203  -0.166  0.036  T
1.2150  0.247  -0.165  0.139  T
1.2200  0.156  0.152  0.086  P
1.2250  0.085  0.206  0.172  P
1.2300  0.131  0.242  0.149  P
1.2350  0.163  0.180  0.078  P
1.2400  0.096  0.205  0.169  P
1.2450  0.132  0.230  0.148  P
1.2500  0.399  0.048  0.370  T
1.2550  0.963  -0.055  0.769  T
1.2600  1.191  -0.060  0.884  T
1.2650  0.052  -0.028  0.149  T
1.2700  0.693  -0.187  0.217  T
1.2750  0.306  -0.177  0.121  T
1.2800  0.057  -0.184  0.282  T
1.2850  0.058  -0.037  0.278  T
1.2900  0.081  0.005  0.206  T
1.2950  0.071  -0.046  0.198  T
1.3000  0.073  -0.049  0.324  T
1.3050  0.261  -0.039  0.406  T
1.3100  0.162  0.174  0.078  P
1.3150  0.092  0.203  0.174  P
1.3200  0.128  0.236  0.151  P
1.3250  0.048  -0.075  0.288  T
1.3300  0.057  -0.023  0.278  T
1.3350  0.080  0.005  0.206  T
1.3400  0.084  0.244  0.150  P
1.3450  0.081  0.250  0.169  P
1.3500  0.121  0.038  0.237  T
1.3550  0.370  -0.094  0.469  T
1.3600  1.005  -0.103  0.614  T
1.3650  0.103  -0.023  0.212  T
1.3700  0.641  0.030  0.236  T
1.3750  1.629  -0.061  0.235  T
1.3800  1.005  0.060  0.189  T
1.3850  0.748  0.098  0.174  T
1.3900  0.699  -0.185  0.239  T
1.3950  0.310  -0.176  0.121  T
1.4000  0.055  -0.182  0.282  T
1.4050  0.070  -0.180  0.288  T
1.4100  0.176  -0.139  0.148  T
1.4150  0.174  0.179  0.077  P
1.4200  0.109  0.203  0.175  P
1.4250  0.120  0.245  0.151  P
1.4300  0.187  0.134  0.068  T
1.4350  0.205  -0.167  0.039  T
1.4400  0.236  -0.167  0.135  T
1.4450  0.154  0.150  0.084  T
1.4500  0.093  0.206  0.178  P
1.4550  0.117  0.241  0.145  P
1.4600  0.151  0.181  0.077  P
1.4650  0.095  0.205  0.170  P
1.4700  0.121  -0.039  0.148  T
1.4750  0.110  -0.125  0.585  T
1.4800  0.070  -0.079  0.274  T
1.4850  0.075  -0.050  0.198  T
1.4900  0.071  -0.037  0.196  T
1.4950  0.076  -0.035  0.321  T
1.5000  0.218  -0.007  0.314  T
1.5050  0.161  0.177  0.077  P
1.5100  0.103  0.203  0.176  P
1.5150  0.125  0.235  0.146  P
1.5200  0.048  -0.075  0.288  T
1.5250  0.058  -0.023  0.279  T
1.5300  0.081  0.005  0.206  T
1.5350  0.071  -0.046  0.198  T
1.5400  0.074  -0.049  0.324  T
1.5450  0.260  -0.039  0.408  T
1.5500  0.164  0.173  0.077  P
1.5550  0.094  0.202  0.173  P
1.5600  0.132  0.236  0.150  P
1.5650  0.048  -0.075  0.289  T
1.5700  0.058  -0.023  0.278  T
1.5750  0.080  0.004  0.206  T
1.5800  0.085  0.244  0.151  P
1.5850  0.083  0.250  0.170  P
1.5900  0.124  0.038  0.237  T
1.5950  0.369  -0.094  0.470  T
1.6000  0.987  -0.103  0.617  T
1.6050  0.217  -0.022  0.162  T
1.6100  0.365  0.017  0.228  T
1.6150  0.441  -0.025  0.338  T
1.6200  1.042  -0.095  0.404  T
1.6250  0.876  0.042  0.238  T
1.6300  0.326  -0.006  0.259  T
1.6350  0.204  0.009  0.279  T
1.6400  0.365  -0.053  0.186  T
1.6450  0.383  -0.011  0.235  T
1.6500  0.648  -0.163  0.206  T
1.6550  0.429  0.000  0.117  T
1.6600  0.283  -0.215  0.196  T
1.6650  0.120  0.175  0.150  P
1.6700  0.189  0.134  0.070  T
1.6750  0.209  -0.168  0.038  T
1.6800  0.251  -0.170  0.127  T
1.6850  0.191  0.146  0.086  T
1.6900  0.112  0.207  0.169  P
1.6950  0.139  0.241  0.155  P
1.7000  0.185  0.181  0.083  P
1.7050  0.106  0.205  0.170  P
1.7100  0.139  -0.059  0.149  T
1.7150  0.110  -0.125  0.588  T
1.7200  0.070  -0.079  0.275  T
1.7250  0.075  -0.050  0.199  T
1.7300  0.071  -0.040  0.197  T
1.7350  0.075  -0.040  0.322  T
1.7400  0.234  -0.018  0.337  T
1.7450  0.162  0.176  0.077  P
1.7500  0.100  0.203  0.175  P
1.7550  0.135  0.235  0.150  P
1.7600  0.053  -0.075  0.288  T
1.7650  0.057  -0.023  0.279  T
1.7700  0.081  0.005  0.207  T
1.7750  0.071  -0.045  0.197  T
1.7800  0.073  -0.049  0.323  T
1.7850  0.257  -0.039  0.406  T
1.7900  0.159  0.173  0.077  P
1.7950  0.098  0.203  0.174  P
1.8000  0.132  0.235  0.148  P
1.8050  0.052  -0.075  0.288  T
1.8100  0.057  -0.022  0.278  T
1.8150  0.081  0.004  0.206  T
1.8200  0.085  0.244  0.151  P
1.8250  0.080  0.250  0.170  P
1.8300  0.122  0.038  0.236  T
1.8350  0.374  -0.094  0.470  T
1.8400  1.013  -0.103  0.614  T
1.8450  0.310  -0.024  0.184  T
1.8500  0.723  -0.016  0.118  T
1.8550  0.825  -0.065  0.177  T
1.8600  0.768  0.005  0.162  T
1.8650  0.458  -0.036  0.224  T
1.8700  0.822  -0.184  0.250  T
1.8750  0.311  -0.178  0.123  T
1.8800  0.051  -0.182  0.278  T
1.8850  0.072  -0.180  0.289  T
1.8900  0.175  -0.138  0.148  T
1.8950  0.169  0.179  0.076  P
1.9000  0.104  0.205  0.176  P
1.9050  0.127  0.243  0.149  P
1.9100  0.192  0.133  0.069  T
1.9150  0.214  -0.170  0.036  T
1.9200  0.246  -0.172  0.123  T
1.9250  0.171  0.140  0.083  T
1.9300  0.112  0.206  0.173  P
1.9350  0.142  0.241  0.151  P
1.9400  0.190  0.181  0.083  P
1.9450  0.109  0.206  0.173  P
1.9500  0.140  -0.072  0.157  T
1.9550  0.111  -0.125  0.591  T
1.9600  0.070  -0.080  0.275  T
1.9650  0.075  -0.051  0.198  T
1.9700  0.071  -0.043  0.197  T
1.9750  0.075  -0.044  0.323  T
1.9800  0.243  -0.027  0.365  T
1.9850  0.167  0.176  0.074  P
1.9900  0.104  0.204  0.177  P
1.9950  0.131  0.235  0.151  P
2.0000  0.052  -0.075  0.286  T
2.0050  0.056  -0.023  0.279  T
2.0100  0.082  0.005  0.207  T
2.0150  0.072  -0.045  0.198  T
2.0200  0.074  -0.049  0.324  T
2.0250  0.256  -0.039  0.405  T
2.0300  0.165  0.174  0.075  P
2.0350  0.104  0.204  0.173  P
2.0400  0.122  0.235  0.143  P
2.0450  0.047  -0.076  0.284  T
2.0500  0.057  -0.022  0.278  T
2.0550  0.083  0.005  0.207  T
2.0600  0.086  0.244  0.152  P
2.0650  0.081  0.250  0.170  P
2.0700  0.120  0.038  0.236  T
2.0750  0.370  -0.094  0.471  T
2.0800  1.017  -0.103  0.615  T
2.0850  0.509  -0.024  0.227  T
2.0900  0.178  -0.085  0.186  T
2.0950  0.144  0.011  0.184  T
2.1000  1.193  -0.063  0.247  T
2.1050  2.085  0.042  0.314  T
2.1100  0.791  -0.059  0.341  T
2.1150  0.961  0.048  0.271  T
2.1200  0.502  0.005  0.270  T
2.1250  0.431  0.007  0.294  T
2.1300  0.802  -0.115  0.237  T
2.1350  0.327  -0.114  0.134  T
2.1400  0.229  -0.166  0.110  T
2.1450  0.211  -0.021  0.128  T
2.1500  0.194  0.040  0.111  T
2.1550  0.153  0.015  0.150  T
2.1600  0.153  0.021  0.113  T
2.1650  0.329  0.130  0.149  T
2.1700  0.802  0.042  0.169  T
2.1750  0.424  -0.080  0.122  T
2.1800  0.161  -0.095  0.169  T
2.1850  0.529  -0.016  0.192  T
2.1900  0.394  0.044  0.185  T
2.1950  0.187  -0.059  0.179  T
2.2000  0.613  -0.091  0.801  T
2.2050  0.345  -0.095  0.537  T
2.2100  0.128  0.071  0.278  T
2.2150  0.072  -0.021  0.325  T
2.2200  0.277  -0.035  0.395  T
2.2250  0.184  0.175  0.079  P
2.2300  0.134  0.199  0.181  P
2.2350  0.094  0.237  0.158  P
2.2400  0.034  -0.073  0.295  T
2.2450  0.060  -0.024  0.276  T
2.2500  0.083  0.005  0.205  T
2.2550  0.072  -0.048  0.201  T
2.2600  0.072  -0.051  0.329  T
2.2650  0.284  -0.038  0.406  T
2.2700  0.201  0.172  0.074  P
2.2750  0.108  0.200  0.176  P
2.2800  0.107  0.237  0.148  P
2.2850  0.041  -0.074  0.283  T
2.2900  0.112  -0.001  0.358  T
2.2950  0.335  0.032  0.449  T
2.3000  0.533  -0.105  0.454  T
2.3050  0.765  0.028  0.270  T
2.3100  0.473  0.025  0.262  T
2.3150  0.638  -0.025  0.230  T
2.3200  0.207  0.027  0.155  T
2.3250  0.258  0.093  0.173  T
2.3300  0.576  -0.019  0.162  T
2.3350  1.290  0.012  0.215  T
2.3400  0.474  0.009  0.228  T
2.3450  0.157  -0.017  0.139  T
2.3500  0.199  0.066  0.178  T
2.3550  1.027  0.024  0.299  T
2.3600  1.741  -0.145  0.255  T
2.3650  0.667  -0.038  0.274  T
2.3700  0.089  -0.167  0.211  T
2.3750  0.213  -0.094  0.158  T
2.3800  0.134  0.089  0.129  T
2.3850  0.044  0.012  0.193  T
2.3900  0.484  -0.264  0.297  T
2.3950  2.096  -0.082  0.355  T
2.4000  1.098  -0.077  0.323  T
2.4050  0.168  -0.008  0.193  T
2.4100  0.036  -0.025  0.228  T
2.4150  0.166  -0.118  0.194  T
2.4200  0.323  -0.100  0.185  T
2.4250  1.354  -0.029  0.246  T
2.4300  1.998  -0.016  0.238  T
2.4350  1.509  0.090  0.293  T
2.4400  0.677  -0.089  0.785  T
2.4450  0.366  -0.094  0.532  T
2.4500  0.131  0.072  0.278  T
2.4550  0.072  -0.026  0.325  T
2.4600  0.261  -0.042  0.426  T
2.4650  0.144  0.169  0.074  P
2.4700  0.071  0.200  0.177  P
2.4750  0.183  0.227  0.156  P
2.4800  0.083  -0.076  0.293  T
2.4850  0.057  -0.022  0.281  T
2.4900  0.082  0.004  0.209  T
2.4950  0.073  -0.047  0.197  T
2.5000  0.081  -0.048  0.318  T
2.5050  0.242  -0.044  0.390  T
2.5100  0.172  0.166  0.082  P
2.5150  0.155  0.209  0.195  P
2.5200  0.128  0.240  0.152  P
2.5250  0.077  -0.064  0.287  T
2.5300  0.069  -0.025  0.271  T
2.5350  0.076  0.005  0.199  T
2.5400  0.081  0.246  0.160  P
2.5450  0.074  0.248  0.170  P
2.5500  0.117  0.043  0.236  T
2.5550  0.349  -0.070  0.465  T
2.5600  1.185  -0.080  0.545  T
2.5650  2.471  -0.010  0.353  T
2.5700  1.722  -0.013  0.229  T
2.5750  0.381  -0.034  0.215  T
2.5800  0.218  -0.049  0.364  T
2.5850  0.715  -0.053  0.423  T
2.5900  0.878  0.044  0.308  T
2.5950  2.505  -0.065  0.263  T
2.6000  4.331  0.087  0.283  T
2.6050  1.181  -0.016  0.275  T
2.6100  0.493  -0.007  0.258  T
2.6150  0.546  -0.022  0.318  T
2.6200  0.910  0.036  0.268  T
2.6250  0.815  0.015  0.353  T
2.6300  0.775  -0.036  0.283  T
2.6350  0.368  -0.066  0.254  T
2.6400  1.065  -0.148  0.315  T
2.6450  0.662  -0.051  0.272  T
2.6500  0.177  -0.013  0.308  T
2.6550  0.220  0.010  0.327  T
2.6600  0.506  -0.003  0.279  T
2.6650  0.758  0.060  0.381  T
2.6700  1.833  -0.178  0.363  T
2.6750  2.171  -0.026  0.308  T
2.6800  0.603  -0.090  0.791  T
2.6850  0.334  -0.094  0.536  T
2.6900  0.129  0.073  0.280  T
2.6950  0.066  -0.029  0.327  T
2.7000  0.246  -0.054  0.455  T
2.7050  0.185  0.168  0.074  P
2.7100  0.126  0.212  0.184  P
2.7150  0.162  0.234  0.151  P
2.7200  0.061  -0.082  0.299  T
2.7250  0.056  -0.023  0.274  T
2.7300  0.076  0.006  0.203  T
2.7350  0.069  -0.046  0.198  T
2.7400  0.076  -0.051  0.323  T
2.7450  0.217  -0.045  0.417  T
2.7500  0.117  0.170  0.078  P
2.7550  0.073  0.224  0.183  P
2.7600  0.147  0.209  0.161  P
2.7650  0.048  -0.081  0.270  T
2.7700  0.063  -0.026  0.267  T
2.7750  0.086  0.007  0.200  T
2.7800  0.095  0.240  0.158  P
2.7850  0.087  0.252  0.164  P
2.7900  0.136  0.052  0.236  T
2.7950  0.447  -0.073  0.418  T
2.8000  2.092  -0.080  0.557  T
2.8050  3.953  -0.014  0.401  T
2.8100  3.555  -0.030  0.325  T
2.8150  1.536  0.037  0.316  T
2.8200  0.720  0.062  0.248  T
2.8250  0.189  0.073  0.361  T
2.8300  0.752  0.001  0.429  T
2.8350  2.221  -0.079  0.325  T
2.8400  2.321  -0.077  0.311  T
2.8450  1.858  0.066  0.285  T
2.8500  0.385  -0.137  0.308  T
2.8550  0.198  0.023  0.186  T
2.8600  0.592  0.030  0.224  T
2.8650  2.436  0.121  0.343  T
2.8700  2.154  -0.073  0.375  T
2.8750  0.485  -0.117  0.289  T
2.8800  0.347  -0.204  0.279  T
2.8850  1.287  -0.007  0.360  T
2.8900  1.354  -0.010  0.291  T
2.8950  1.003  -0.123  0.300  T
2.9000  1.906  -0.089  0.302  T
2.9050  1.416  -0.075  0.256  T
2.9100  1.057  -0.055  0.276  T
2.9150  1.358  -0.028  0.206  T
2.9200  0.548  -0.090  0.799  T
2.9250  0.343  -0.094  0.535  T
2.9300  0.141  0.072  0.282  T
2.9350  0.070  -0.031  0.324  T
2.9400  0.237  -0.062  0.471  T
2.9450  0.110  0.163  0.127  P
2.9500  0.211  0.188  0.258  P
2.9550  0.056  0.198  0.211  P
2.9600  0.057  -0.069  0.269  T
2.9650  0.074  -0.008  0.267  T
2.9700  0.107  -0.004  0.199  T
2.9750  0.087  -0.049  0.185  T
2.9800  0.092  -0.051  0.319  T
2.9850  0.419  -0.029  0.413  T
2.9900  0.135  0.136  0.149  T
2.9950  0.233  0.148  0.221  T
3.0000  0.368  0.225  0.253  P
3.0050  0.094  -0.107  0.261  T
3.0100  0.043  -0.060  0.279  T
3.0150  0.075  0.041  0.216  T
3.0200  0.069  0.247  0.179  P
3.0250  0.061  0.256  0.197  P
3.0300  0.138  0.030  0.234  T
3.0350  0.381  -0.097  0.486  T
3.0400  0.992  -0.104  0.585  T
3.0450  0.595  -0.023  0.337  T
3.0500  0.423  -0.064  0.317  T
3.0550  1.392  0.044  0.342  T
3.0600  0.918  0.002  0.297  T
3.0650  0.670  -0.106  0.263  T
3.0700  2.188  0.071  0.306  T
3.0750  2.640  0.049  0.517  T
3.0800  1.481  -0.008  0.345  T
3.0850  1.191  -0.020  0.312  T
3.0900  1.953  0.129  0.437  T
3.0950  0.582  0.100  0.318  T
3.1000  0.558  0.061  0.242  T
3.1050  0.695  0.013  0.356  T
3.1100  0.558  -0.098  0.375  T
3.1150  0.330  -0.026  0.359  T
3.1200  0.537  -0.142  0.319  T
3.1250  0.721  0.059  0.228  T
3.1300  0.598  0.028  0.289  T
3.1350  1.031  -0.026  0.245  T
3.1400  2.297  -0.143  0.371  T
3.1450  1.095  -0.007  0.426  T
3.1500  1.308  0.003  0.410  T
3.1550  2.283  -0.025  0.460  T
3.1600  0.569  -0.091  0.794  T
3.1650  0.327  -0.094  0.531  T
3.1700  0.128  0.073  0.278  T
3.1750  0.086  -0.034  0.335  T
3.1800  0.426  -0.060  0.490  T
3.1850  0.261  0.171  0.103  P
3.1900  0.104  0.197  0.213  P
3.1950  0.204  0.219  0.194  P
3.2000  0.082  -0.057  0.286  T
3.2050  0.061  -0.029  0.299  T
3.2100  0.071  0.014  0.206  T
3.2150  0.061  -0.042  0.192  T
3.2200  0.054  -0.051  0.299  T
3.2250  0.138  -0.073  0.353  T
3.2300  0.106  0.134  0.169  T
3.2350  0.266  0.157  0.245  P
3.2400  0.223  0.144  0.233  T
3.2450  0.104  -0.057  0.324  T
3.2500  0.172  -0.010  0.363  T
3.2550  0.419  -0.002  0.373  T
3.2600  0.919  -0.119  0.635  T
3.2650  1.470  -0.020  0.431  T
3.2700  2.545  -0.098  0.432  T
3.2750  1.648  -0.006  0.399  T
3.2800  1.635  -0.093  0.369  T
3.2850  0.819  0.103  0.294  T
3.2900  2.030  0.025  0.399  T
3.2950  2.273  -0.102  0.458  T
3.3000  1.708  -0.066  0.318  T
3.3050  0.783  -0.043  0.355  T
3.3100  0.204  0.071  0.287  T
3.3150  0.453  -0.108  0.256  T
3.3200  0.115  -0.000  0.228  T
3.3250  0.319  -0.048  0.315  T
3.3300  0.491  -0.016  0.412  T
3.3350  0.805  0.035  0.407  T
3.3400  2.276  0.002  0.403  T
3.3450  1.198  0.047  0.445  T
3.3500  0.496  -0.048  0.334  T
3.3550  0.660  0.011  0.270  T
3.3600  0.568  -0.016  0.356  T
3.3650  1.504  -0.019  0.508  T
3.3700  1.453  0.027  0.420  T
3.3750  1.424  -0.008  0.440  T
3.3800  3.351  0.055  0.413  T
3.3850  2.708  -0.018  0.439  T
3.3900  1.615  0.043  0.442  T
3.3950  1.214  0.133  0.498  T
3.4000  1.289  -0.004  0.466  T
3.4050  0.663  0.103  0.448  T
3.4100  1.191  -0.098  0.707  T
3.4150  0.571  -0.234  0.385  T
3.4200  0.176  -0.194  0.171  T
3.4250  0.042  -0.101  0.290  T
3.4300  0.058  -0.022  0.278  T
3.4350  0.081  0.005  0.206  T
3.4400  0.071  -0.046  0.198  T
3.4450  0.073  -0.049  0.324  T
3.4500  0.257  -0.039  0.405  T
3.4550  0.161  0.174  0.079  P
3.4600  0.107  0.203  0.175  P
3.4650  0.115  0.235  0.149  P
3.4700  0.046  -0.076  0.290  T
3.4750  0.058  -0.022  0.278  T
3.4800  0.080  0.004  0.205  T
3.4850  0.084  0.244  0.151  P
3.4900  0.128  0.028  0.240  T
3.4950  0.491  -0.080  0.367  T
3.5000  0.882  -0.119  0.632  T
3.5050  0.638  -0.079  0.247  T
3.5100  0.292  -0.169  0.123  T
3.5150  0.151  0.123  0.075  T
3.5200  0.101  0.209  0.174  P
3.5250  0.126  0.243  0.148  P
3.5300  0.168  0.180  0.079  P
3.5350  0.104  0.205  0.176  P
3.5400  0.125  0.235  0.147  P
3.5450  0.047  -0.075  0.290  T
3.5500  0.068  -0.179  0.287  T
3.5550  0.157  -0.137  0.146  T
3.5600  0.158  0.179  0.078  P
3.5650  0.112  0.205  0.179  P
3.5700  0.111  0.244  0.149  P
3.5750  0.181  0.134  0.072  T
3.5800  0.210  -0.161  0.042  T
3.5850  0.258  -0.157  0.137  T
3.5900  0.145  0.161  0.076  P
3.5950  0.097  0.206  0.181  P
3.6000  0.116  0.245  0.155  P
3.6050  0.151  0.178  0.077  P
3.6100  0.095  0.206  0.175  P
3.6150  0.120  0.236  0.153  P
3.6200  0.045  -0.073  0.287  T
3.6250  0.072  -0.178  0.288  T
3.6300  0.165  -0.136  0.148  T
3.6350  0.168  0.179  0.077  P
3.6400  0.114  0.205  0.177  P
3.6450  0.117  0.235  0.150  P
3.6500  0.045  -0.075  0.288  T
3.6550  0.057  -0.022  0.276  T
3.6600  0.081  0.004  0.205  T
3.6650  0.072  -0.046  0.197  T
3.6700  0.073  -0.049  0.323  T
3.6750  0.249  -0.040  0.406  T
3.6800  0.155  0.174  0.075  P
3.6850  0.102  0.204  0.174  P
3.6900  0.118  0.234  0.150  P
3.6950  0.046  -0.076  0.288  T
3.7000  0.056  -0.022  0.275  T
3.7050  0.081  0.003  0.205  T
3.7100  0.085  0.244  0.150  P
3.7150  0.081  0.250  0.169  P
3.7200  0.084  0.254  0.174  P
3.7250  0.071  -0.046  0.197  T
3.7300  0.074  -0.050  0.324  T
3.7350  0.408  -0.110  0.416  T
3.7400  0.679  0.025  0.235  T
3.7450  1.160  -0.200  0.449  T
3.7500  0.793  -0.028  0.466  T
3.7550  0.551  -0.056  0.461  T
3.7600  0.669  -0.035  0.282  T
3.7650  1.120  0.005  0.326  T
3.7700  1.151  -0.097  0.702  T
3.7750  0.536  -0.234  0.385  T
3.7800  0.181  -0.185  0.173  T
3.7850  0.164  0.168  0.076  P
3.7900  0.260  -0.163  0.183  T
