# V.34 Phase 3 STFT sub-sequence scores
# sym_rate=3000  fc=1800
# columns: time_s  S_score  PP_score  TRN_flat  label
0.0100  0.551  0.030  0.586  T
0.0150  0.563  -0.025  0.557  T
0.0200  1.070  -0.016  0.695  T
0.0250  0.731  0.031  0.645  T
0.0300  0.905  0.007  0.591  T
0.0350  0.901  -0.012  0.578  T
0.0400  2.153  -0.032  0.592  T
0.0450  4.046  -0.008  0.649  T
0.0500  2.145  0.003  0.629  T
0.0550  0.542  -0.056  0.589  T
0.0600  1.508  -0.030  0.621  T
0.0650  2.564  0.004  0.562  T
0.0700  1.911  -0.033  0.509  T
0.0750  0.588  -0.009  0.572  T
0.0800  0.945  -0.051  0.584  T
0.0850  2.880  0.085  0.581  T
0.0900  0.871  -0.031  0.671  T
0.0950  0.746  0.017  0.637  T
0.1000  2.124  0.021  0.552  T
0.1050  1.776  0.045  0.591  T
0.1100  2.375  0.029  0.563  T
0.1150  0.838  -0.020  0.693  T
0.1200  2.218  0.040  0.628  T
0.1250  4.643  0.004  0.568  T
0.1300  1.088  0.024  0.699  T
0.1350  0.338  0.054  0.661  T
0.1400  1.584  -0.058  0.530  T
0.1450  1.087  -0.032  0.548  T
0.1500  0.239  0.017  0.573  T
0.1550  0.398  0.060  0.544  T
0.1600  0.881  0.011  0.631  T
0.1650  1.885  0.016  0.627  T
0.1700  2.714  -0.042  0.640  T
0.1750  1.271  0.014  0.723  T
0.1800  0.483  -0.020  0.630  T
0.1850  1.031  0.030  0.506  T
0.1900  1.028  -0.013  0.471  T
0.1950  1.438  -0.010  0.559  T
0.2000  1.237  0.017  0.665  T
0.2050  2.531  -0.014  0.642  T
0.2100  4.508  -0.008  0.619  T
0.2150  4.050  0.000  0.580  T
0.2200  0.619  -0.034  0.575  T
0.2250  1.454  0.026  0.649  T
0.2300  1.073  0.013  0.558  T
0.2350  2.334  0.007  0.592  T
0.2400  4.502  -0.038  0.530  T
0.2450  1.521  -0.003  0.573  T
0.2500  1.215  0.014  0.542  T
0.2550  0.822  0.009  0.558  T
0.2600  0.532  0.000  0.536  T
0.2650  0.811  -0.053  0.553  T
0.2700  0.930  0.001  0.565  T
0.2750  0.419  0.037  0.594  T
0.2800  0.456  -0.056  0.536  T
0.2850  1.204  -0.045  0.593  T
0.2900  0.750  -0.044  0.608  T
0.2950  1.918  -0.059  0.590  T
0.3000  4.115  0.011  0.551  T
0.3050  3.828  0.031  0.605  T
0.3100  2.816  0.026  0.611  T
0.3150  1.422  -0.002  0.543  T
0.3200  2.662  0.018  0.631  T
0.3250  1.600  -0.016  0.592  T
0.3300  1.208  -0.026  0.588  T
0.3350  3.046  0.048  0.661  T
0.3400  4.508  -0.025  0.500  T
0.3450  2.428  0.026  0.586  T
0.3500  0.825  -0.021  0.652  T
0.3550  1.172  0.044  0.603  T
0.3600  1.585  -0.049  0.540  T
0.3650  2.266  0.035  0.539  T
0.3700  2.323  -0.006  0.521  T
0.3750  5.125  -0.036  0.558  T
0.3800  2.656  -0.037  0.547  T
0.3850  1.008  -0.041  0.487  T
0.3900  0.818  -0.009  0.529  T
0.3950  0.293  -0.119  0.609  T
0.4000  1.001  0.012  0.576  T
0.4050  0.721  -0.004  0.641  T
0.4100  3.661  -0.008  0.538  T
0.4150  6.434  0.013  0.661  T
0.4200  3.535  0.034  0.536  T
0.4250  2.709  -0.034  0.506  T
0.4300  0.623  -0.040  0.558  T
0.4350  0.195  -0.009  0.487  T
0.4400  0.790  -0.008  0.522  T
0.4450  1.202  0.040  0.608  T
0.4500  1.378  -0.042  0.587  T
0.4550  2.905  -0.023  0.637  T
0.4600  5.642  -0.021  0.567  T
0.4650  5.656  -0.030  0.602  T
0.4700  0.987  -0.035  0.614  T
0.4750  0.483  0.059  0.620  T
0.4800  1.407  0.114  0.581  T
0.4850  1.970  -0.007  0.652  T
0.4900  0.756  0.082  0.631  T
0.4950  0.928  -0.055  0.620  T
0.5000  2.668  -0.008  0.573  T
0.5050  2.484  0.017  0.550  T
0.5100  2.013  -0.019  0.577  T
0.5150  1.043  -0.041  0.553  T
0.5200  0.969  0.045  0.569  T
0.5250  1.405  -0.002  0.527  T
0.5300  0.710  0.013  0.577  T
0.5350  0.705  -0.054  0.591  T
0.5400  1.113  -0.013  0.563  T
0.5450  0.917  0.058  0.505  T
0.5500  0.536  0.033  0.545  T
0.5550  0.770  -0.022  0.641  T
0.5600  0.672  0.023  0.623  T
0.5650  1.126  -0.059  0.604  T
0.5700  1.720  -0.022  0.553  T
0.5750  2.688  -0.044  0.594  T
0.5800  3.104  0.014  0.624  T
0.5850  1.345  -0.048  0.668  T
0.5900  1.128  0.016  0.604  T
0.5950  1.921  -0.007  0.606  T
0.6000  2.198  0.005  0.639  T
0.6050  1.659  0.018  0.645  T
0.6100  2.435  -0.022  0.517  T
0.6150  1.892  -0.003  0.573  T
0.6200  2.429  -0.016  0.620  T
0.6250  2.405  0.025  0.623  T
0.6300  1.982  -0.002  0.397  T
0.6350  4.183  0.019  0.409  T
0.6400  2.559  -0.005  0.553  T
0.6450  1.684  0.021  0.579  T
0.6500  0.751  0.009  0.579  T
0.6550  0.875  -0.036  0.546  T
0.6600  1.437  -0.014  0.482  T
0.6650  1.198  0.042  0.510  T
0.6700  0.900  -0.019  0.606  T
0.6750  1.359  -0.046  0.385  T
0.6800  0.076  -0.213  0.005  T
0.6850  0.064  -0.206  0.003  T
0.6900  0.062  -0.209  0.002  T
0.6950  0.063  -0.062  0.000  T
0.7000  0.063  -0.161  0.000  T
0.7050  0.063  -0.160  0.000  T
0.7100  0.063  -0.160  0.000  T
0.7150  0.063  -0.160  0.000  T
0.7200  0.063  -0.160  0.000  T
0.7250  0.063  -0.160  0.000  T
0.7300  0.063  -0.160  0.000  T
0.7350  0.063  -0.160  0.000  T
0.7400  0.063  -0.161  0.000  T
0.7450  0.063  -0.160  0.000  T
0.7500  0.063  -0.160  0.000  T
0.7550  0.063  -0.160  0.000  T
0.7600  0.063  -0.160  0.000  T
0.7650  0.063  -0.160  0.000  T
0.7700  0.063  -0.160  0.000  T
0.7750  0.063  -0.160  0.000  T
0.7800  0.063  -0.160  0.000  T
0.7850  0.063  -0.160  0.000  T
0.7900  0.063  -0.160  0.000  T
0.7950  0.063  -0.160  0.000  T
0.8000  0.063  -0.160  0.000  T
0.8050  0.063  -0.160  0.000  T
0.8100  0.063  -0.160  0.000  T
0.8150  0.063  -0.160  0.000  T
0.8200  0.063  -0.160  0.000  T
0.8250  0.063  -0.160  0.000  T
0.8300  0.063  -0.160  0.000  T
0.8350  0.063  -0.160  0.000  T
0.8400  0.063  -0.160  0.000  T
0.8450  0.063  -0.160  0.000  T
0.8500  0.063  -0.161  0.000  T
0.8550  0.063  -0.160  0.000  T
0.8600  0.063  -0.160  0.000  T
0.8650  0.063  -0.160  0.000  T
0.8700  0.063  -0.160  0.000  T
0.8750  0.063  -0.160  0.000  T
0.8800  0.063  -0.160  0.000  T
0.8850  0.063  -0.160  0.000  T
0.8900  0.063  -0.160  0.000  T
0.8950  0.063  -0.160  0.000  T
0.9000  0.063  -0.160  0.000  T
0.9050  0.063  -0.160  0.000  T
0.9100  0.063  -0.161  0.000  T
0.9150  0.063  -0.160  0.000  T
0.9200  0.063  -0.160  0.000  T
0.9250  0.063  -0.160  0.000  T
0.9300  0.063  -0.160  0.000  T
0.9350  0.063  -0.160  0.000  T
0.9400  0.063  -0.160  0.000  T
0.9450  0.063  -0.160  0.000  T
0.9500  0.063  -0.161  0.000  T
0.9550  0.063  -0.160  0.000  T
0.9600  0.063  -0.160  0.000  T
0.9650  0.063  -0.160  0.000  T
0.9700  0.063  -0.160  0.000  T
0.9750  0.063  -0.160  0.000  T
0.9800  0.063  -0.160  0.000  T
0.9850  0.063  -0.161  0.000  T
0.9900  0.063  -0.160  0.000  T
0.9950  0.062  -0.087  0.000  T
1.0000  0.158  -0.082  0.051  T
1.0050  0.296  -0.091  0.134  T
1.0100  0.260  0.002  0.067  T
1.0150  0.186  -0.022  0.469  T
1.0200  0.020  -0.030  0.479  T
1.0250  0.003  0.026  0.253  T
1.0300  0.002  -0.008  0.258  T
1.0350  0.005  0.016  0.255  T
1.0400  0.002  0.025  0.256  T
1.0450  0.003  0.028  0.253  T
1.0500  0.002  -0.008  0.258  T
1.0550  0.005  0.016  0.255  T
1.0600  0.002  0.025  0.256  T
1.0650  0.003  0.028  0.253  T
1.0700  0.002  -0.008  0.258  T
1.0750  0.005  0.016  0.255  T
1.0800  0.002  0.025  0.256  T
1.0850  0.003  0.028  0.253  T
1.0900  0.002  -0.008  0.258  T
1.0950  0.005  0.016  0.255  T
1.1000  0.002  0.025  0.256  T
1.1050  0.003  0.028  0.253  T
1.1100  0.002  -0.008  0.258  T
1.1150  0.005  0.016  0.255  T
1.1200  0.002  0.025  0.256  T
1.1250  0.003  0.028  0.253  T
1.1300  0.002  -0.008  0.258  T
1.1350  0.005  0.016  0.255  T
1.1400  0.002  0.025  0.257  T
1.1450  0.003  0.028  0.253  T
1.1500  0.002  -0.008  0.258  T
1.1550  0.005  0.016  0.255  T
1.1600  0.002  0.025  0.256  T
1.1650  0.003  0.028  0.253  T
1.1700  0.002  -0.008  0.258  T
1.1750  0.005  0.016  0.255  T
1.1800  0.002  0.025  0.256  T
1.1850  0.003  0.028  0.253  T
1.1900  0.002  -0.008  0.258  T
1.1950  0.005  0.016  0.255  T
1.2000  0.002  0.025  0.256  T
1.2050  0.003  0.028  0.253  T
1.2100  0.002  -0.008  0.258  T
1.2150  0.005  0.016  0.255  T
1.2200  0.002  0.025  0.256  T
1.2250  0.003  0.028  0.253  T
1.2300  0.002  -0.008  0.258  T
1.2350  0.005  0.016  0.255  T
1.2400  0.002  0.025  0.256  T
1.2450  0.003  0.028  0.253  T
1.2500  0.002  -0.008  0.258  T
1.2550  0.005  0.016  0.255  T
1.2600  0.002  0.025  0.256  T
1.2650  0.003  0.028  0.253  T
1.2700  0.002  -0.008  0.258  T
1.2750  0.005  0.016  0.255  T
1.2800  0.002  0.025  0.256  T
1.2850  0.003  0.028  0.253  T
1.2900  0.002  -0.008  0.258  T
1.2950  0.005  0.016  0.255  T
1.3000  0.002  0.025  0.256  T
1.3050  0.003  0.028  0.253  T
1.3100  0.002  -0.008  0.258  T
1.3150  0.005  0.016  0.255  T
1.3200  0.002  0.025  0.256  T
1.3250  0.003  0.028  0.253  T
1.3300  0.002  -0.008  0.258  T
1.3350  0.005  0.016  0.255  T
1.3400  0.002  0.025  0.256  T
1.3450  0.003  0.028  0.253  T
1.3500  0.002  -0.008  0.258  T
1.3550  0.005  0.016  0.255  T
1.3600  0.002  0.025  0.256  T
1.3650  0.003  0.028  0.253  T
1.3700  0.002  -0.008  0.258  T
1.3750  0.005  0.016  0.255  T
1.3800  0.002  0.025  0.257  T
1.3850  0.003  0.028  0.253  T
1.3900  0.002  -0.008  0.258  T
1.3950  0.005  0.016  0.255  T
1.4000  0.002  0.025  0.257  T
1.4050  0.003  0.028  0.253  T
1.4100  0.002  -0.008  0.258  T
1.4150  0.005  0.016  0.255  T
1.4200  0.002  0.025  0.257  T
1.4250  0.003  0.028  0.253  T
1.4300  0.002  -0.008  0.258  T
1.4350  0.005  0.016  0.255  T
1.4400  0.002  0.025  0.256  T
1.4450  0.003  0.028  0.253  T
1.4500  0.002  -0.008  0.258  T
1.4550  0.005  0.016  0.255  T
1.4600  0.002  0.025  0.256  T
1.4650  0.003  0.028  0.253  T
1.4700  0.002  -0.008  0.258  T
1.4750  0.005  0.016  0.255  T
1.4800  0.002  0.025  0.256  T
1.4850  0.003  0.028  0.253  T
1.4900  0.002  -0.008  0.258  T
1.4950  0.005  0.016  0.255  T
1.5000  0.002  0.025  0.256  T
1.5050  0.003  0.028  0.253  T
1.5100  0.002  -0.008  0.258  T
1.5150  0.005  0.016  0.255  T
1.5200  0.002  0.025  0.257  T
1.5250  0.003  0.028  0.253  T
1.5300  0.002  -0.008  0.258  T
1.5350  0.005  0.016  0.255  T
1.5400  0.002  0.025  0.256  T
1.5450  0.003  0.028  0.253  T
1.5500  0.002  -0.008  0.258  T
1.5550  0.005  0.016  0.255  T
1.5600  0.002  0.025  0.257  T
1.5650  0.003  0.028  0.253  T
1.5700  0.002  -0.008  0.258  T
1.5750  0.005  0.016  0.255  T
1.5800  0.002  0.025  0.257  T
1.5850  0.003  0.028  0.253  T
1.5900  0.002  -0.008  0.258  T
1.5950  0.005  0.016  0.255  T
1.6000  0.002  0.025  0.257  T
1.6050  0.003  0.028  0.253  T
1.6100  0.002  -0.008  0.258  T
1.6150  0.005  0.016  0.255  T
1.6200  0.002  0.025  0.256  T
1.6250  0.003  0.028  0.253  T
1.6300  0.002  -0.008  0.258  T
1.6350  0.005  0.016  0.255  T
1.6400  0.002  0.025  0.256  T
1.6450  0.003  0.028  0.253  T
1.6500  0.002  -0.008  0.258  T
1.6550  0.005  0.016  0.255  T
1.6600  0.002  0.025  0.256  T
1.6650  0.003  0.028  0.253  T
1.6700  0.002  -0.008  0.258  T
1.6750  0.005  0.016  0.255  T
1.6800  0.002  0.025  0.257  T
1.6850  0.003  0.028  0.253  T
1.6900  0.002  -0.008  0.258  T
1.6950  0.005  0.016  0.255  T
1.7000  0.002  0.025  0.256  T
1.7050  0.003  0.028  0.253  T
1.7100  0.002  -0.008  0.258  T
1.7150  0.005  0.016  0.255  T
1.7200  0.002  0.025  0.256  T
1.7250  0.003  0.028  0.253  T
1.7300  0.002  -0.008  0.258  T
1.7350  0.005  0.016  0.255  T
1.7400  0.002  0.025  0.256  T
1.7450  0.003  0.028  0.253  T
1.7500  0.002  -0.008  0.258  T
1.7550  0.005  0.016  0.255  T
1.7600  0.002  0.025  0.257  T
1.7650  0.003  0.028  0.253  T
1.7700  0.002  -0.008  0.258  T
1.7750  0.005  0.016  0.255  T
1.7800  0.002  0.025  0.257  T
1.7850  0.003  0.028  0.253  T
1.7900  0.002  -0.008  0.258  T
1.7950  0.005  0.016  0.255  T
1.8000  0.002  0.025  0.257  T
1.8050  0.003  0.028  0.253  T
1.8100  0.002  -0.008  0.258  T
1.8150  0.005  0.016  0.255  T
1.8200  0.002  0.025  0.256  T
1.8250  0.003  0.028  0.253  T
1.8300  0.002  -0.008  0.258  T
1.8350  0.005  0.016  0.255  T
1.8400  0.002  0.025  0.256  T
1.8450  0.003  0.028  0.253  T
1.8500  0.002  -0.008  0.258  T
1.8550  0.005  0.016  0.255  T
1.8600  0.002  0.025  0.256  T
1.8650  0.003  0.028  0.253  T
1.8700  0.002  -0.008  0.258  T
1.8750  0.005  0.016  0.255  T
1.8800  0.002  0.025  0.256  T
1.8850  0.003  0.028  0.253  T
1.8900  0.002  -0.008  0.258  T
1.8950  0.014  -0.032  0.348  T
1.9000  0.119  -0.011  0.718  T
1.9050  0.059  -0.006  0.231  T
1.9100  0.006  -0.099  0.014  T
1.9150  0.039  -0.111  0.002  T
1.9200  0.070  -0.044  0.002  T
1.9250  0.111  -0.182  0.002  T
1.9300  0.029  -0.021  0.002  T
1.9350  0.037  -0.003  0.002  T
1.9400  0.068  -0.079  0.001  T
1.9450  0.063  -0.168  0.000  T
1.9500  0.063  -0.168  0.000  T
1.9550  0.063  -0.168  0.000  T
1.9600  0.063  -0.168  0.000  T
1.9650  0.063  -0.168  0.000  T
1.9700  0.063  -0.168  0.000  T
1.9750  0.063  -0.169  0.000  T
1.9800  0.063  -0.168  0.000  T
1.9850  0.063  -0.116  0.000  T
1.9900  0.058  -0.048  0.002  T
1.9950  0.030  -0.015  0.002  T
2.0000  0.026  0.007  0.002  T
2.0050  0.017  -0.145  0.002  T
2.0100  0.019  -0.086  0.002  T
2.0150  0.009  -0.031  0.002  T
2.0200  0.021  -0.138  0.002  T
2.0250  0.013  -0.115  0.002  T
2.0300  0.021  -0.034  0.002  T
2.0350  0.029  -0.129  0.001  T
2.0400  0.005  -0.123  0.001  T
2.0450  0.001  -0.053  0.000  T
2.0500  0.010  -0.044  0.001  T
2.0550  0.048  -0.116  0.002  T
2.0600  0.052  -0.077  0.002  T
2.0650  0.004  -0.017  0.001  T
2.0700  0.050  0.009  0.002  T
2.0750  0.098  -0.162  0.002  T
2.0800  0.031  -0.089  0.002  T
2.0850  0.003  -0.154  0.001  T
2.0900  0.012  -0.141  0.003  T
2.0950  0.263  -0.103  0.008  T
2.1000  4.366  0.038  0.579  T
2.1050  2.564  -0.004  0.608  T
2.1100  1.663  -0.089  0.611  T
2.1150  0.746  -0.041  0.608  T
2.1200  0.846  0.012  0.452  T
2.1250  0.844  -0.003  0.655  T
2.1300  1.015  -0.009  0.679  T
2.1350  0.562  -0.042  0.584  T
2.1400  2.050  0.004  0.560  T
2.1450  4.978  0.036  0.494  T
2.1500  5.833  -0.039  0.455  T
2.1550  5.655  0.024  0.495  T
2.1600  3.640  0.010  0.522  T
2.1650  2.960  0.007  0.613  T
2.1700  2.788  0.009  0.604  T
2.1750  2.209  -0.010  0.574  T
2.1800  1.544  -0.040  0.702  T
2.1850  1.364  -0.005  0.636  T
2.1900  0.908  -0.003  0.516  T
2.1950  0.870  0.048  0.659  T
2.2000  0.260  0.006  0.409  T
2.2050  1.873  -0.065  0.578  T
2.2100  1.334  0.047  0.544  T
2.2150  1.166  -0.005  0.660  T
2.2200  0.857  0.033  0.467  T
2.2250  0.947  0.062  0.497  T
2.2300  1.638  0.043  0.551  T
2.2350  1.698  -0.070  0.467  T
2.2400  1.885  0.022  0.643  T
2.2450  3.525  0.004  0.614  T
2.2500  1.763  -0.066  0.585  T
2.2550  0.913  0.026  0.548  T
2.2600  2.410  0.027  0.529  T
2.2650  1.536  0.004  0.712  T
2.2700  1.087  -0.063  0.567  T
2.2750  0.414  -0.024  0.502  T
2.2800  0.513  -0.045  0.538  T
2.2850  0.385  0.017  0.415  T
2.2900  1.461  0.011  0.579  T
2.2950  2.005  -0.056  0.475  T
2.3000  1.033  0.017  0.510  T
2.3050  2.002  -0.011  0.581  T
2.3100  0.996  0.035  0.635  T
2.3150  0.722  -0.035  0.589  T
2.3200  0.978  -0.043  0.615  T
2.3250  0.526  0.028  0.672  T
2.3300  1.987  -0.034  0.534  T
2.3350  3.242  0.040  0.606  T
2.3400  0.919  0.039  0.583  T
2.3450  2.329  -0.040  0.612  T
2.3500  1.666  -0.052  0.584  T
2.3550  1.674  -0.005  0.609  T
2.3600  1.398  0.009  0.599  T
2.3650  0.366  0.020  0.539  T
2.3700  0.471  -0.020  0.605  T
2.3750  2.360  -0.014  0.618  T
2.3800  4.037  0.051  0.612  T
2.3850  4.128  0.060  0.538  T
2.3900  1.856  -0.048  0.609  T
2.3950  1.478  0.023  0.554  T
2.4000  1.874  -0.029  0.570  T
2.4050  1.036  0.059  0.640  T
2.4100  0.433  0.004  0.467  T
2.4150  1.476  0.023  0.515  T
2.4200  3.221  0.011  0.623  T
2.4250  2.783  0.088  0.611  T
2.4300  1.515  -0.002  0.602  T
2.4350  1.241  -0.008  0.581  T
2.4400  0.951  -0.012  0.541  T
2.4450  1.063  -0.029  0.557  T
2.4500  1.529  -0.007  0.558  T
2.4550  0.214  -0.028  0.529  T
2.4600  0.169  0.008  0.440  T
2.4650  0.213  -0.007  0.535  T
2.4700  0.620  0.105  0.619  T
2.4750  1.146  0.011  0.497  T
2.4800  0.647  -0.052  0.650  T
2.4850  2.122  -0.017  0.642  T
2.4900  3.161  0.030  0.569  T
