file=gough-lui-v90-v92-modem-sounds/USR-Message-V92QC-bong-bong-bong.wav
window_s=9.476000-13.280000 protocol=v92_audio timeslot_rate=8000
samples=30431
symbol_phase=5/6
phase3_start_sym=3359 phase3_start_ms=419.875 phase3_start_abs_ms=9895.875 phase3_start_source=ru_audio_refined
trn1u_run_start_sym=4233 trn1u_run_end_sym=6418 trn1u_run_start_ms=529.125 trn1u_run_end_ms=802.250 trn1u_source=focused_weak
trn_decode_mode=xnor trn_decode_frame_phase=0 trn_decode_offset=0 trn_decode_ones256=0.566406 trn_decode_ones512=0.574219 trn_decode_ones1024=0.558594 trn_decode_ones2040=0.559804 trn_decode_soft256=0.539388 trn_decode_soft512=0.538240 trn_decode_soft1024=0.536154 trn_decode_soft2040=0.536894
ja_candidate_sym=6273 ja_candidate_ms=784.125
max_period6_score=1.000000
max_period6_len=381
max_trn_score=0.585938
sign_bits(30431):
0000111111111111001100110011100110011100110011000100011001100111
0011001100011001100010001100111011101110011000110011000100011001
1101110111001100011001100010001100111011101110011000110011000100
0110011101110111001100011001100010001100111011101110011000110011
0001000110011101110111001100011001100010001100111011101110011000
1100110001000001111111111100110001000110011101110011000000100011
1100011011111001001110000011001111100000011110100111000000000111
1111000001111000011100001110011100011001110011111100110000111101
1000011001000111110001100001111110000001100001111111110000000111
1000001111001111000110001111011000111000001100011110001000111001
1001100000111001111100000011111100111100000000011111110000111100
0011100001110111100010001100011111000110000111011100001101100011
1111011000000011110000001100000111111111000000111100000111000111
1000110001110011000110010001100111110011000111001001110000000000
1111111000001111000111111000000001111110000111110001110000110011
1100010011100010111001110000110011100011001100011111111100000000
1111000011100000001111111100000011110000111000111100111000111011
1001110000111101100000011111110001100000111000111110000110011110
0000111000111110011000111111000000001111001111000011110001110011
1111111010011000111110011001100111111100011100111001111000010000
1110011110011100011110000011100100011110001100001111110000011110
0001001110011111100011000110000111111100000001111110001111000001
1000111111000000111001111111100001000000011111111100000001110000
0000001111100010000011100011111110000000001111110000000011111111
1000111111000000000001110001111111000000000111000110000111000110
1111111000000000111011100011100111100111000011000111110000000110
1111000000011100011100000111100001110001111011000000111110000111
1000110001000101111110000000011111110001110001111000001111111100
0000011100111111100001100111100000011110001110001110000111000111
1010000000111111001111000111110001111000000111111000111110001001
1110000101110011100011100001111111100000001111001111000011110000
1111110000011100110111000011110000001111111000111100000001110010
1111001111000001110001111110000001111111000000000001100111110011
1110000000000111111111100011111110111000111011100110001111100001
1100011111000011110000000001110001111000011110000111111100011111
0001100110001110011001100011110000111000110000111111111000000001
1111110000000111111100011110000000111100111001111100001111100011
1001100111110000111110000111111111100000011100011110000011011111
1100000010011111100011000001111000001111100011100110001111111000
0111000111111100010000111111110000001111111100011111100011000011
1111000111100000111111100000001111111100010001100011111000011111
1000010000011111110000011100011001111000110011000111111110000000
0111100000011100000001111110000000011111000011001110111111000001
0011111000011111000001110000011100001111000001110000011000110011
1001001111111000000000011111000110011000111100011111100001111011
0000011100000011110011111000011011111100111110000000111000000001
1111000011000111000111110001111000110011111000000110011100111100
0111100000000111111100001110000011111000111000011110111000000111
1100000000000011111100111000110110001110001110001100011110011100
0011000000111111001011001110011100000011100011110011110001110001
0000011111111111111000000011100011110000000011111110000001111111
1111001111000011111100000011100011110001011111100000000011111001
1100111000000001110011000000111111000111000011111000110001110000
0011100011000111011001111001110000001111110001111001111000111000
1100011100110111100001111000100111011110000010001110011111000110
0110001110000111001100110010001101110001100011111001110000111000
0011111100111000001111100011111000001100111100011000011111111100
0000001111011111000110000011111000011111000100111000111011100000
1111110000000110001111100111000100011110011110000111111000011110
0000011011111100001111000000110011110111100001111000011111110000
0011001111100011111000001111111110001000000001111000011100011100
0001111000111111000000011111100000000110011111111000001100000001
1110100001111000111111000000001111110001100001111000011100011110
0001111000110000011000111110001111000000111111100001110000111100
0111001110001111110000111000001110011111110000111110000011100000
0000111100011100100011111000001100111110111000111000010001111100
0001111000001111110000001101110001100011100000111111111100000000
0000111111001100000011100111100000000111111100000001110001110001
1110001110000011100011111110000111001111011000000111110011110000
1101111100000011000000111111111000111100000011110000111110000100
0001111100011100111000000111110000000111100100000111110000111000
0001111111111000000001111001111110001100011011000001110011111110
0000001111100011110011000000111001100011001111000111111000000000
1111011000000111100000110001111000000111000111111110000111111110
0000000011001111110000111111110000000111110001111001111100000001
1110001111000000001111100000100001111110011011100001111100001111
0111110000111000110000011100000011110000111110001100110001111000
0111100000111110000011100111100000011000111001000001111111000001
1110000001111110011100000111111000000010001100011111000000001111
0011100000000111100000111000011100001111110000000111111000111000
0111100111110011100000001111100000011110000011000110001100000111
1001100000011110000011111001111100000111100000011001100111000111
0000111100001111100011100100011100011111000000000001111110011100
0111110000111001000111100011000111100011100000011000000111000111
0000001111000000111111000111000000110001111000000111011000111110
0110001100111000111110000001100011100011000100011000111111000000
0000111100001000011100111110001111000001110100001111000011111100
0111111000000111110000000100011111111110000000011111100011100000
1110111111000011001100001101111001100011000001100000001111000111
1110000111111001100000111111111110000111110000000011111111000111
1000000111100100000111100111011100001100010000011100111100001110
0000000111110000000111000111000011110001100111111100000011100111
1000110000000011111100000111100011100000000001111100011100110010
0001111011111000000000111111100011100011111000000110000111011100
0111100011001100001111001100011110000011111001110000011111000100
0011111100011000000110000111000011110000110011000111000000111111
0001110000001111100011100110011101110001000001111001110011111000
0011111000000001111110001110001111110011000000011111100000110000
0011110000101110001111111000001111000011101110001100011111001110
0001100011111111100001111000001111000000000111111000001111101100
0000001111111100000001110000011110001011100001111111000001111110
0011110001100011111100000001111110001100001111000000000111111000
1110000111000111100111100011000110001111100000011100111111000000
0011110011100000111100000111111110001110000001111000110001100011
0011001111110000111000110000011111111100000111000010000001111000
1110111100001100001111111000011111110001110000111111100000001111
0001111101110000111001111000111100000011110001100010011110011000
0000111100000011111100000100011001111110000110111100011000000110
0111111100011111000010001111110011100000111110011100000011111100
0011110100011111000011110000001111111111100001111110011100000000
1110111111100001111001110000111111011000000111001100011110011001
1000001111111100011001111000111110001111100001111011110000000010
0111000011111001100000000111111100001111000000111100011111111100
0010000001110011100001111111110001100001110011111111100011001100
0111000011000111100001100001111000011111100000011001100000011111
0000110001100111011111001110000110011111100000110011100011111110
0011111100001100111111000011110000001111111000000000111000011111
1000001100110011110011000001111111001100011001110001111000000111
1111000001100011001100010001111110001000011100011101110000000111
0001111111101110000011001110000011000111000011100000111110000111
0001111100111110000100000001110111100011100111100001100011111100
1111000001111001100011000111000110001000111111110001110001100110
0011100001111111000011111111000010000111100011100000000011110011
1000001110000011100001111111100110011100011000111100000111000111
1100001101100000001111001000110001111100001111000001110001110011
1110011110000011111000011111000011110001110010011111110011000000
0111111110001000110000001111000111000100000000001111110001111111
1110000110011001110000000111111000111000101110000011101111100110
0011000011100001111100000001001111000110110000111111011000001111
1110011011101110001110000011000111111100000001111100111001100000
1110111111111000000011110000000111100011111000001111100111000111
1100001110111111000000011110001111000001110100011011110000111011
1100000111000011110000011000000111100111100011100000111000111000
1101111100010000111100011111100000001100001111110011000111100001
1101111000111000001110011000110011111110000111111000000000111111
1111100001100011100011110011100111000111100000011000111111111110
0110011100000111100000111000011110000000011111000011000111100001
1001100010011100000011110000011111100011000111111100000000011111
1100000001111111000000011111100000001110011111000001111100110001
0001001111111000111000000110011100011111100000011111000110000001
1111111000110011111111001111100011100001100001111100000000111100
0111111100000000111100000111111110000001111100000111001110001001
1111000000011111000111100011110010000111001111000000111110011000
0011111100001011110000001111110000000111000000111000011110100001
1111000001111000111001100011110001111000000100011001110001100011
1000111000000011100001110001111100001111000001111000000011111110
0000011100011110000000011110011110000000011111110001000110000011
1110001100011100111001110000011110000011110000111111000011100111
1100001111000000111111000110000000110011111100000111000011001110
0001100111110111000001111000111001111100000111111000000000111001
1110000000011000001111000011001111111000011100011100001100001110
0001111011111000001111110000111001110000001111000000110000111100
0111100000011111111100001110000111000111100011100111000001111100
0000111111000001110000111000011100111100001111111111110000011100
0111000111110000011100110000110000011110001111000011100111000111
0000011000111100000111000111101100000011100000111100111000011111
1100100001111100001111111000111011111000011111001110000011111111
1110000011100000011100000110000001100001111111100001100111100011
1000111100111000110011000001111100111000001111100011100111000111
1111000110000011100011100110011111100011100000111000001111100000
0111100001111000111000001111111000000111101110011111100010000110
0001111100001110010111001100011100000000111100011011110000011110
0010001001111011000000111110011010000011100100111100100000111001
1001110001100111000111111000001111111110000001111100011111000011
0000111001111110000011101100000111111001110111000000011111110000
1110000111001111100000111111000001100111001110000001111000001110
0111111000000110000001111100000011000111111101110001110000111110
0000111111100000001100000001111111111000110001111110001111000110
0001111110000011000000111111011100000110000100011111100110011000
1111100000011001110000111111100001111000110000000111111000111001
1111100010001110011100001111110000011100011000111110001100001111
1000000000111110000001100001001110000000011100001111111000111000
0000111101100000011111100000111000110011100011110000110001111110
0001111000001100111111000000011001111000011001110011100001110001
1100111111100001100111000011100001111100000110001111001100010011
1111001110000000000000001110000110011111110000001110011100011111
0010000000000011111000000001100000111100001111100001111111100010
0111110011100000000011111111000001110011100111000111100001000111
1100111011100011100000011111110000000011000001100111000111100000
1111111000110110001111100110000000111100111001100000111001111100
0111000111100000011111000000011111100010001111100011100110001100
1110000111111000010111100000001111001111110000001111111000000111
1111111000111111000111110111000000011101110000111100111000000110
1110000001110000110010000111111000000011100111111000001100111000
0000011111110001100000111111111000011111111111111100001110111000
0111100111111000011111100000011100001100111110000000001110000011
0011100001110000001111100001111000011110001110001111000011110001
1000001111100001111110011000111111110000111100111000110011100100
0111100111100000001111111100010000111111110000011100100011001110
0000001111111100000111111110011000001110011111001101100011100011
1001111001100011100110011000111000111110001100110011100000111111
0000000000111100000111011000000111001110111000110000000111111000
0001110011111100000010000000111001100000111111000000111110011111
0000111000011001100111110000000011100001100011100110010000111001
1100001111111100001111101110000000111110001110000001111111100001
1000111111111000000111111100000011111100000011110011110110001100
1000011111100000111100110011111100111000011110000011111000011100
0011111110001110011100000011111011100100000000011111100000011100
0111110001111000110011000011101110111100000000011110111110000001
0000001111100011100000011111110001110011101110000111000011110000
1111100001111100010001100001111111100000000011111100000000111100
0001100110011110011100111000111111000110100001111111000000111111
0001111000001111111101111100001111110001111100000000111001111111
1000000110011111100111000110000010001111110000011111000000111001
1110001100000000111000111110001111001100011100111110001111000000
1110001111100011110100000011111100110001100110011110000001111000
0111100011100111100011111100010000111110000011100000011100111000
1111000000011110100011100001111100000000011111111100000000111111
1100000100011111000110011111111111100011110000011100100011110000
0011111110000000000011100011011000011001000111110001111110011000
0111000011111000001110000011111000111110000011111110000111111111
1001100011100011100010011100000011111000111101000000011110011110
0001111000110011110000111111110000011110111110000001110001111100
1111110001001111100011100011111100111111000001000100111100011110
0011100000011111110000001111000001100001110001100011110000001111
1110011110000011100111000111001110000011111101110000111110000011
1111000000110011001001100000001111010000111100111100001000011111
0011111000111000001111000011000111001100011000110001111110011000
1100111000000111110001100001111000110000000011111000011110001110
0110001110000011111100111001111000000011111000000111111100000001
1000111100011110000011100011111000001111001111000000000111111111
1000011001110000000011111100001100001111100111000000011111110000
0001111001000111000001111000011000111111100000000011110011111110
0111000111100111000010001100111111100011000111000111011100111011
1001111000000110001111111000000111100111000011100011100000000111
1110000110010011111110000111111111111000111000110000111100000111
1100111000110001110000001111100001111110000011100110000000100000
1110011111100000000011011110000000011001111110000000001100011111
1000011110011111111100000011111110001100001100011100111000111100
0111000110001111100001111000011100111111110001101000111110000000
1111111100000111100000111111100000000110001100000111100011100000
1110001111110000001111111000111110000100001101111111000001100111
1000011110000111000000111000011111111000000011110000111111100001
1111000000111100011100110000001100001111100000111111100011110001
1110000001110000011110000111100011100001100000011110000000111111
0000111111111000011110011110000000111100011111100000001110011100
0011111111000011110011100000111111100011110000001110011000100011
1111000011100111000000000001111110000010000111101111000001111111
0001100001111111100001111100001111111000000000111000000111110001
1000001111110011000100111100000011110000011100011000111100001110
0011000000111110011000001111000000111100011110000001111000000111
1000001110111000111100011110000111110000111000110011000011110000
0011110000110001111111000111000011100011000000001111111111001110
0111000001100111100000011111100000011111111000011100001111111000
1110111001110001110011100001110000111111110000001111000111100000
1110011110000000111111110001111000011111111100000000111110000111
0111100000011100110011111110000011000011000111100000111111111111
0000011001111100011001100001100010000000111111000001110011000000
1110000011111100000111110000001100110000001111000110000110011111
0001110011100000111111111000000111111111000110001110001110111000
0111110111000100111001111000001111100010011111111000001100010000
1111001100100000011111100000000111111110000000000011000011111100
0111000000111111000000111111100011101100001110000111100011100000
1110001110001110000111001111110011111100000111110001111100000011
1100100001100111110000000111000001111100000000000111001110000111
1000000001111100111111100000001101111111110000100011101110000100
1111000000011001110001111000000011111100010001111110000110001111
1000011111100000000111000011110000111111110000000001111111000001
0000111101110000100000011011111000110000011011110011000011100110
0010001100111111000000011111111111001100001111111000011111100011
1100000111000000001110011001110000111111011100001000000001111111
0001111000001000111111000001111000111111110000011111100000001111
0001110000001111111110000000111001110000000000111111000011100001
1110001100111001100111110010000110011110000111111111000000111000
1100011110000001111100011110000111110000000111100100000001111110
0111000111001111110001111000000001111000001111100011000000011111
0000000111000111000111000000111000011111000000111001100111001111
1100000010011111000011001111000001111100000011111110011000011110
0001111100011101110000111100011111000000111111000011111100001110
0000111110000111111000110001001110000001111111111100001100111000
1100011001111000111011100001110000111111000111100000111111001000
1111100000011100000011111000001100011111011100001111111000001110
0011001111100011011000101110001100111000110011100111000011000000
1110100011110001110000111000110011100011100111100011110000110011
1011101100000111110000001111100000001111110000111000111110001100
0011111110011001110001100011110000111100000111000000111110000001
1111111100000011000011110001100110011110000001111001110000111001
1100011111100011100000111100000111001100000111110000111000000111
1101100000000001110111000011111110000001111100011001111110000111
1110001111110000001111111000000111111000010110001110000100011111
1111000010001111110001110011110001000100011001101111110011000111
0000000000111111110001001100000000011110000000111011110011100010
1111110001110011100011100001111000100110001110000011110111111000
0000000011111100000111000011100011000111111000001110011111001110
0001110000100011100110001110011000111001110011111000111111000000
0111110000001111110001111111000000011100011100001111100011100000
1111111110000000111000000011110001100011111001100011011100000011
1001110000111111000000001100011100111000110000000101111000001111
0000000001110111111110000110001111110010011001100000011110011110
0000001100011111111110001100000111000011111100000001111100000111
1100001000000011111110000001111100000001110001110111000011100011
0000111001110000001111000110000111000111100000111100000111100011
1110000111100010000011111110011000011111000110001111100011111111
1110001110001111000000011001111011100110001111000111011111000000
1001110011000111000001100111111000011100011001011110111110000000
0011111111000000111111001000001110001000111111000010000011111110
0011111110001100001110011111111111100001011110000110001111100000
0111000111000011001110001100001111000011111000000110000011001111
1100000111110000111110010000110011100011111100000011100001110111
0011101100011001100011111000001110000111111100010000001111001110
0011110011000000001100001111110001100001111110011000111110000010
0011111100011001111100011110000011110001110011100111000000110011
0000001110111100001111100110001100011111001110000001111001100001
1000111111110000001111111100000011111111000001111111000111011000
0111111111100000001111100000001111100001110011000111011110001111
1100000111111100011000011100000111000111111000110000111110011111
0110000000111001111100011110000001110000111100110001111000011001
1001110000011100010011100001100001111111000001100001111100010001
1100000011000111000111100011000001101111000000000111111111000001
1110000100111001000111100001111000111100000001000111110011111001
1110000111000111100000000011110000111100011100000000000111000111
1000111100000111100011000111100110000011110111000001111000011100
0000011111100011001100000001110001110000000111100111001100000001
1100011100111000110000001110000111100001110000111100001100001111
1100000111111000111000011111111000000010011110001110001100111000
1110000011111100001110000011110110000111111100000001111100001110
0111000011100001111110000011100111111000000011111111000001111000
0000011000111011011110001110000100001111010000111111000000111001
1111111000011111000000110011111100111000000110000111100000001111
1000100000011101111111100000001111000011001100011111000000000111
1000000011001110000000011111000000011001111110000001110000000111
1000110001100000111100011111000000011100011000011100011101110000
1110000001111100011000001100111000001100111110000011001111111000
0000111100000111100001000100011111100011110000011111001110011100
0001110011000111110011100000111111110001100011100001110011100110
0011000001110001110011110000011111000010000001111100000001110110
0011000011111011100010001100000001111110000111100111110000011110
1110001111100000111111100111000111101100000111100001111000000111
1111110000110000111101110001111110000110001100110000011000110011
1000000001111001110011100000110000111111000001111111100001100110
0011111100000000011110111001111100000000011110001110011001111110
0001100111000001100111100001110000111111110000110011000110001110
1110001100011110000000010011111111000000000111000011100011110011
1000111110000000000011111110000110001110011100110011100011111110
0000011111100001111110000000001111111100000001111000111111000110
0000011111100111111000000001111110001110001000001111000000111111
1000000001111111111111000010000011111100110001111000000111000001
1100111100111100000111111000011110000001110001111111110000111111
0001100001111001100000011111001100001100111100011100000110001110
0000010000001100011000111100001100000111110000011111000111111000
0011111100011100011100000011110110001111000001111110001110000011
1110000000111100000110001100001111110000000001100011100111111000
0001110000111000111001100111111111000000000111111011000010000110
0010111111000000111001111000111110011100111110000111100111000011
1111100011100000011111001111110000110000011111000001111110001111
1000110001000011100011000000111000011110001110011001110001001000
0111000001110001100011111111000111110000001111000111110000111111
1000000111100000110000110001111110000001111111110011110000011111
1000111001110000001001111110000001110111100111000001110000011111
1001100001111100011111100000001111111000111111000000011111100000
1110011100001110001111110000011111110000001101110001111110001100
0111110000001111110000100011110000011111111111000011110000001111
0001110000001110001111110000011100011101110011111110001100000011
1110011000111110000000111111110000000000111000000111110001100001
1110000111111100000011001111111110011000111110000011111110001111
0011001100011100000000111111110000010000001110011111111000000011
1001111110001100011111111000000111000111111000000111000111100000
0011100111100011100110001100111100001111000111111000011000111110
0011111001110000011000000111100000011111100001110000001100110010
0011111001111100000001111110000111110000011101110011100110001110
0111100001110000111111000000111000111111000000110001000001111011
1000011100011111001110001111000000011111110000001100011001111000
0000111001110011100011100001111000111100000111111111000110001111
0001100111111100001001111110000000100011111100000011011110001001
1100110000011111110111000111110000111000111100001111100000111111
0001100110001110011111100000011111110000111111000000000111110010
0110000111100110011100011111110000101111111100001000110011100111
1001110000001101100011111110000000110011100110011100011100001111
0001100011100011101110000000011110000000111111000011110000000011
1111100000000111100111100000110001110111111000011010001101111111
0000110111000011000111110000000011100000011111111000000110011111
1100000111110011000111111100001011111100011001110000000111001110
1100001111001100001100001111100110001110000001111110000000011000
1111111100000100111100000011111100111100000000111111111000000011
1000111111100001111111110000000111110011000011111001000000111111
1000000000111000111111100010000001100011111100000111111110000011
0001111000111000100111110000111111001111110000111000011111000011
0001111111000011100001111111000111110000000011110111000011000000
1111000011110000111000111110000000111110000011100110011100001110
0111110000000000111111100011111000100000111100111110000111000111
0100001111001100001000110010111111100000110011101111011100000110
0111100000111111100011000000111100001111110000111000000111100001
1100011000011111100000100011110001111110000011100111100000011111
1111100000001111110000011111100000000011111111001001110000100001
1110000011111000000111100110011000011001100111000001110111000000
0111111100011000100011100100011111111000000111111100000000000111
1111000000111000111001110001100000011110111100001100011110000001
0111110000000001111111110000110001111111100111001100011110001110
1110001110011001100011110001100001111110001110111011100000000000
1111111100111000001111111100000001110011111100000000111100011100
1111110001110000111111100011000001111110011000011100000111100001
1111000011011110001100011100000111100000011000000111100011001111
0001110001111000001000111000011111100000011111001110001111011100
0000110001111100111110001111100111100011110000011111000000111011
1011111001110000001110011111000000011111000011100111110000100011
1001111000011110110001100000001100111110000011110001111100000111
0001111111000001111000001111100111011000111000001111000011110001
1111001110011111000001100011110011100001110000011110000111100011
0001111111000110001110000011111100000000111110000001111000000110
0011100111000111110011110000010010001111111000111000000011111000
1111111100011000111001111000001111100011011111000001110011001110
0000111100000011101100011001100111000000011111011100010001111110
0001100001111100101110000000011111100011110000011000111100000011
0000001111111111000010001111110000111110000000110011100000001111
1000111100000111000111100000111111100000001111000011111001111100
0001110011000011111000000000111001110010011100011000001111001110
0111111000011111100000111111111000000111011111001100011110000011
1111110000000111001111110011100010000111000111111110000001100110
0111000111100011110000011111111100011111100000000010001111111100
0000111100011111100011100000011111110000010000011100111100011100
1111000011100000111000001111000111111000111000011111000001111111
1100001110011111101110001111000000111111110000000011110000110111
0000111001000111000111100001110000111111000001111100010000011100
0011110000111100111110001100011100001111100111000111000011000001
1111111000110000111100111100010001100000110001110011100111100000
1111100001111100011110011100111110000000001110011110000000011111
0000111111000000110111110000001111100000001111100110001111100110
0011000011110011100011000000000111110001111111000011100111111000
0111110000001111111110100000111110000111100001011110001111100000
1111100111100000111001100011100000001110011110001111001111000000
0111100001111111000111100011100001111110001110001100111110100000
0111100110001111001100000011100011110001111110000111000000011111
0000001111111100001110000001011110011110011000100000111100000111
0000111000011101100011100011110000001111111000000001100001110111
0011011000111000011110011000111100000011111000011100000111100011
1000001111111000001110011111100011100001100110001111011111000111
0000000111111111100111100001101110001110000011100001111100000000
1110001110000011111111000100110000001111111000110001110000110011
1111110001111111000001100110001100111111110000000111111001100000
1110001111100001101110010000111100011111100001100010001001111000
0011001110000111100000011111111000000001111110001110000000001111
0011110000011100001100011111110000110001111100000001110001111000
1110011100001111000100000000111111111111000001111100001111110001
1111111100000000111111000000001111001110001110011000111110000001
1111110001100011011100111000011100011110000000110001111110000000
1111111000111100000001111000001111000001111000110001110000011101
1000110011100001110011111100011100000111100000000110000011100001
1111100001111101100001111000011111111000011000011111001110011000
0011110011000000001111100100000000011111000000011110001110000111
1000100000110001110011111111110000000001111111100000011110001110
0001111000001111101110011110000000001111111100011110000000011111
0000001000110001110000011001110000110000111111000011110000000011
1110001100011110001100000000111111000111110000000010111111100111
0000011110001101111100000000011111110000100111100110111000110000
1111111110011000011111110001100111111000111001100011000001111110
0000111001111100011111111000000111100111000111111000011100110011
0000111110001110000110000111000111100111111001100000011111110000
0011111001110000000011110011000011011100001110001100011100111110
0000111000000000110011111000000011111111100000111111100011110001
0001110000011111000110100001111111000111111000011100111011111000
0011100001111001111000000111000110011100011111100110000011101111
1100011100011110011110000001100011111100000001100011110011100001
0000000001011110001111000001111100000001100111001111110000011001
1111100001000011111100000001111100000001001110001111000111110000
0000101110001111110001100001111100000000110001100011111111000000
0011000011001111111000001100001110001100111100001110011000000111
1001111111000011101000011111100110000011100111000111000111100000
1111111001110001111110000111000000110001111111110000011100000011
1100000011111100000011111100001111110000111100000111100001110111
1000001111111100001111001110001110000011110000001111011111000011
0001111000111110001100110011100001100010000111110000001000011111
1111000011110000111100100011100011000000110111100110000111000011
1000001111111110000111110000000011100110000110001111110001110011
1111111110000111111110000000011111000100011100001111111000000110
1110000001111011110011000010000111111100000111000011100000000011
1111000000011001110011111000000111011111100000000111111000011111
0000000001111100000000011110000011111111000001111110011111110000
0011111100000011100011000110000111100011100010011111011100001111
0000000001111000111111000001110001001111000001111111000000011001
1100011110011000011110000001111000001100011000011100001111111000
0011100000011111000000111111100000011110011100000001100000011111
1111000100000011110000111110111111000000011110001110001111000000
1110000111100000111100011110001100000111000000000110001111100000
0011110111011000111001100000000110001111001110001110000011111000
1111111111000000001111111111100000000000100001110001110001110001
1100011100011100011100011100011
data_bits(30431):
1111000000000000110011001100011001100011001100111011100110011000
1100110011100110011101110011000100010001100111001100111011100110
0010001000110011100110011101110011000100010001100111001100111011
1001100010001000110011100110011101110011000100010001100111001100
1110111001100010001000110011100110011101110011000100010001100111
0011001110111110000000000011001110111001100010001100111111011100
0011100100000110110001111100110000011111100001011000111111111000
0000111110000111100011110001100011100110001100000011001111000010
0111100110111000001110011110000001111110011110000000001111111000
0111110000110000111001110000100111000111110011100001110111000110
0110011111000110000011111100000011000011111111100000001111000011
1100011110001000011101110011100000111001111000100011110010011100
0000100111111100001111110011111000000000111111000011111000111000
0111001110001100111001101110011000001100111000110110001111111111
0000000111110000111000000111111110000001111000001110001111001100
0011101100011101000110001111001100011100110011100000000011111111
0000111100011111110000000011111100001111000111000011000111000100
0110001111000010011111100000001110011111000111000001111001100001
1111000111000001100111000000111111110000110000111100001110001100
0000000101100111000001100110011000000011100011000110000111101111
0001100001100011100001111100011011100001110011110000001111100001
1110110001100000011100111001111000000011111110000001110000111110
0111000000111111000110000000011110111111100000000011111110001111
1111110000011101111100011100000001111111110000001111111100000000
0111000000111111111110001110000000111111111000111001111000111001
0000000111111111000100011100011000011000111100111000001111111001
0000111111100011100011111000011110001110000100111111000001111000
0111001110111010000001111111100000001110001110000111110000000011
1111100011000000011110011000011111100001110001110001111000111000
0101111111000000110000111000001110000111111000000111000001110110
0001111010001100011100011110000000011111110000110000111100001111
0000001111100011001000111100001111110000000111000011111110001101
0000110000111110001110000001111110000000111111111110011000001100
0001111111111000000000011100000001000111000100011001110000011110
0011100000111100001111111110001110000111100001111000000011100000
1110011001110001100110011100001111000111001111000000000111111110
0000001111111000000011100001111111000011000110000011110000011100
0110011000001111000001111000000000011111100011100001111100100000
0011111101100000011100111110000111110000011100011001110000000111
1000111000000011101111000000001111110000000011100000011100111100
0000111000011111000000011111110000000011101110011100000111100000
0111101111100000001111100011100110000111001100111000000001111111
1000011111100011111110000001111111100000111100110001000000111110
1100000111100000111110001111100011110000111110001111100111001100
0110110000000111111111100000111001100111000011100000011110000100
1111100011111100001100000111100100000011000001111111000111111110
0000111100111000111000001110000111001100000111111001100011000011
1000011111111000000011110001111100000111000111100001000111111000
0011111111111100000011000111001001110001110001110011100001100011
1100111111000000110100110001100011111100011100001100001110001110
1111100000000000000111111100011100001111111100000001111110000000
0000110000111100000011111100011100001110100000011111111100000110
0011000111111110001100111111000000111000111100000111001110001111
1100011100111000100110000110001111110000001110000110000111000111
0011100011001000011110000111011000100001111101110001100000111001
1001110001111000110011001101110010001110011100000110001111000111
1100000011000111110000011100000111110011000011100111100000000011
1111110000100000111001111100000111100000111011000111000100011111
0000001111111001110000011000111011100001100001111000000111100001
1111100100000011110000111111001100001000011110000111100000001111
1100110000011100000111110000000001110111111110000111100011100011
1110000111000000111111100000011111111001100000000111110011111110
0001011110000111000000111111110000001110011110000111100011100001
1110000111001111100111000001110000111111000000011110001111000011
1000110001110000001111000111110001100000001111000001111100011111
1111000011100011011100000111110011000001000111000111101110000011
1110000111110000001111110010001110011100011111000000000011111111
1111000000110011111100011000011111111000000011111110001110001110
0001110001111100011100000001111000110000100111111000001100001111
0010000011111100111111000000000111000011111100001111000001111011
1110000011100011000111111000001111111000011011111000001111000111
1110000000000111111110000110000001110011100100111110001100000001
1111110000011100001100111111000110011100110000111000000111111111
0000100111111000011111001110000111111000111000000001111000000001
1111111100110000001111000000001111111000001110000110000011111110
0001110000111111110000011111011110000001100100011110000011110000
1000001111000111001111100011111100001111000001110011001110000111
1000011111000001111100011000011111100111000110111110000000111110
0001111110000001100011111000000111111101110011100000111111110000
1100011111111000011111000111100011110000001111111000000111000111
1000011000001100011111110000011111100001111100111001110011111000
0110011111100001111100000110000011111000011111100110011000111000
1111000011110000011100011011100011100000111111111110000001100011
1000001111000110111000011100111000011100011111100111111000111000
1111110000111111000000111000111111001110000111111000100111000001
1001110011000111000001111110011100011100111011100111000000111111
1111000011110111100011000001110000111110001011110000111100000011
1000000111111000001111111011100000000001111111100000011100011111
0001000000111100110011110010000110011100111110011111110000111000
0001111000000110011111000000000001111000001111111100000000111000
0111111000011011111000011000100011110011101111100011000011110001
1111111000001111111000111000111100001110011000000011111100011000
0111001111111100000011111000011100011111111110000011100011001101
1110000100000111111111000000011100011100000111111001111000100011
1000011100110011110000110011100001111100000110001111100000111011
1100000011100111111001111000111100001111001100111000111111000000
1110001111110000011100011001100010001110111110000110001100000111
1100000111111110000001110001110000001100111111100000011111001111
1100001111010001110000000111110000111100010001110011100000110001
1110011100000000011110000111110000111111111000000111110000010011
1111110000000011111110001111100001110100011110000000111110000001
1100001110011100000011111110000001110011110000111111111000000111
0001111000111000011000011100111001110000011111100011000000111111
1100001100011111000011111000000001110001111110000111001110011100
1100110000001111000111001111100000000011111000111101111110000111
0001000011110011110000000111100000001110001111000000011111110000
1110000010001111000110000111000011111100001110011101100001100111
1111000011111100000011111011100110000001111001000011100111111001
1000000011100000111101110000001100011111000001100011111100000011
1100001011100000111100001111110000000000011110000001100011111111
0001000000011110000110001111000000100111111000110011100001100110
0111110000000011100110000111000001110000011110000100001111111101
1000111100000110011111111000000011110000111111000011100000000011
1101111110001100011110000000001110011110001100000000011100110011
1000111100111000011110011110000111100000011111100110011111100000
1111001110011000100000110001111001100000011111001100011100000001
1100000011110011000000111100001111110000000111111111000111100000
0111110011001100001100111110000000110011100110001110000111111000
0000111110011100110011101110000001110111100011100010001111111000
1110000000010001111100110001111100111000111100011111000001111000
1110000011000001111011111110001000011100011000011110011100000011
0000111110000110011100111000111001110111000000001110001110011001
1100011110000000111100000000111101111000011100011111111100001100
0111110001111100011110000000011001100011100111000011111000111000
0011110010011111110000110111001110000011110000111110001110001100
0001100001111100000111100000111100001110001101100000001100111111
1000000001110111001111110000111000111011111111110000001110000000
0001111001100110001111111000000111000111010001111100010000011001
1100111100011110000011111110110000111001001111000000100111110000
0001100100010001110001111100111000000011111110000011000110011111
0001000000000111111100001111111000011100000111110000011000111000
0011110001000000111111100001110000111110001011100100001111000100
0011111000111100001111100111111000011000011100011111000111000111
0010000011101111000011100000011111110011110000001100111000011110
0010000111000111110001100111001100000001111000000111111111000000
0000011110011100011100001100011000111000011111100111000000000001
1001100011111000011111000111100001111111100000111100111000011110
0110011101100011111100001111100000011100111000000011111111100000
0011111110000000111111100000011111110001100000111110000011001110
1110110000000111000111111001100011100000011111100000111001111110
0000000111001100000000110000011100011110011110000011111111000011
1000000011111111000011111000000001111110000011111000110001110110
0000111111100000111000011100001101111000110000111111000001100111
1100000011110100001111110000001111111000111111000111100001011110
0000111110000111000110011100001110000111111011100110001110011100
0111000111111100011110001110000011110000111110000111111100000001
1111100011100001111111100001100001111111100000001110111001111100
0001110011100011000110001111100001111100001111000000111100011000
0011110000111111000000111001111111001100000011111000111100110001
1110011000001000111110000111000110000011111000000111111111000110
0001111111100111110000111100110000000111100011100011110011110001
1110000100000111110000001111000110001111110000111111001111000011
1000011111100000000011110001111000111000011100011000111110000011
1111000000111110001111000111100011000011110000000000001111100011
1000111000001111100011001111001111100001110000111100011000111000
1111100111000011111000111000010011111100011111000011000111100000
0011011110000011110000000111000100000111100000110001111100000000
0001111100011111100011111001111110011110000000011110011000011100
0111000011000111001100111110000011000111110000011100011000111000
0000111001111100011100011001100000011100011111000111110000011111
1000011110000111000111110000000111111000010001100000011101111001
1110000011110001101000110011100011111111000011100100001111100001
1101110110000100111111000001100101111100011011000011011111000110
0110001110011000111000000111110000000001111110000011100000111100
1111000110000001111100010011111000000110001000111111100000001111
0001111000110000011111000000111110011000110001111110000111110001
1000000111111001111110000011111100111000000010001110001111000001
1111000000011111110011111110000000000111001110000001110000111001
1110000001111100111111000000100011111001111011100000011001100111
0000011111100110001111000000011110000111001111111000000111000110
0000011101110001100011110000001111100011100111000001110011110000
0111111111000001111110011110110001111111100011110000000111000111
1111000010011111100000011111000111001100011100001111001110000001
1110000111110011000000111111100110000111100110001100011110001110
0011000000011110011000111100011110000011111001110000110011101100
0000110001111111111111110001111001100000001111110001100011100000
1101111111111100000111111110011111000011110000011110000000011101
1000001100011111111100000000111110001100011000111000011110111000
0011000100011100011111100000001111111100111110011000111000011111
0000000111001001110000011001111111000011000110011111000110000011
1000111000011111100000111111100000011101110000011100011001110011
0001111000000111101000011111110000110000001111110000000111111000
0000000111000000111000001000111111100010001111000011000111111001
0001111110001111001101111000000111111100011000000111110011000111
1111100000001110011111000000000111100000000000000011110001000111
1000011000000111100000011111100011110011000001111111110001111100
1100011110001111110000011110000111100001110001110000111100001110
0111110000011110000001100111000000001111000011000111001100011011
1000011000011111110000000011101111000000001111100011011100110001
1111110000000011111000000001100111110001100000110010011100011100
0110000110011100011001100111000111000001110011001100011111000000
1111111111000011111000100111111000110001000111001111111000000111
1110001100000011111101111111000110011111000000111111000001100000
1111000111100110011000001111111100011110011100011001101111000110
0011110000000011110000010001111111000001110001111110000000011110
0111000000000111111000000011111100000011111100001100001001110011
0111100000011111000011001100000011000111100001111100000111100011
1100000001110001100011111100000100011011111111100000011111100011
1000001110000111001100111100010001000011111111100001000001111110
1111110000011100011111100000001110001100010001111000111100001111
0000011110000011101110011110000000011111111100000011111111000011
1110011001100001100011000111000000111001011110000000111111000000
1110000111110000000010000011110000001110000011111111000110000000
0111111001100000011000111001111101110000001111100000111111000110
0001110011111111000111000001110000110011100011000001110000111111
0001110000011100001011111100000011001110011001100001111110000111
1000011100011000011100000011101111000001111100011111100011000111
0000111111100001011100011110000011111111100000000011111111000000
0011111011100000111001100000000000011100001111100011011100001111
1100000001111111111100011100100111100110111000001110000001100111
1000111100000111110001111100000111000001111100000001111000000000
0110011100011100011101100011111100000111000010111111100001100001
1110000111001100001111000000001111100001000001111110001110000011
0000001110110000011100011100000011000000111110111011000011100001
1100011111100000001111110000111110011110001110011100001111110000
0001100001111100011000111000110001111100000010001111000001111100
0000111111001100110110011111110000101111000011000011110111100000
1100000111000111110000111100111000110011100111001110000001100111
0011000111111000001110011110000111001111111100000111100001110001
1001110001111100000011000110000111111100000111111000000011111110
0111000011100001111100011100000111110000110000111111111000000000
0111100110001111111100000011110011110000011000111111100000001111
1110000110111000111110000111100111000000011111111100001100000001
1000111000011000111101110011000000011100111000111000100011000100
0110000111111001110000000111111000011000111100011100011111111000
0001111001101100000001111000000000000111000111001111000011111000
0011000111001110001111110000011110000001111100011001111111011111
0001100000011111111100100001111111100110000001111111110011100000
0111100001100000000011111100000001110011110011100011000111000011
1000111001110000011110000111100011000000001110010111000001111111
0000000011111000011111000000011111111001110011111000011100011111
0001110000001111110000000111000001111011110010000000111110011000
0111100001111000111111000111100000000111111100001111000000011110
0000111111000011100011001111110011110000011111000000011100001110
0001111110001111100001111000011100011110011111100001111111000000
1111000000000111100001100001111111000011100000011111110001100011
1100000000111100001100011111000000011100001111110001100111011100
0000111100011000111111111110000001111101111000010000111110000000
1110011110000000011110000011110000000111111111000111111000001110
0111110000001100111011000011111100001111100011100111000011110001
1100111111000001100111110000111111000011100001111110000111111000
0111110001000111000011100001111000001111000111001100111100001111
1100001111001110000000111000111100011100111111110000000000110001
1000111110011000011111100000011111100000000111100011110000000111
0001000110001110001100011110001111000000001111110000111000011111
0001100001111111000000001110000111100000000011111111000001111000
1000011111100011001100000001111100111100111000011111000000000000
1111100110000011100110011110011101111111000000111110001100111111
0001111100000011111000001111110011001111110000111001111001100000
1110001100011111000000000111111000000000111001110001110001000111
1000001000111011000110000111110000011101100000000111110011101111
0000110011011111100000011111111000000001111111111100111100000011
1000111111000000111111000000011100010011110001111000011100011111
0001110001110001111000110000001100000011111000001110000011111100
0011011110011000001111111000111110000011111111111000110001111000
0111111110000011000000011111110010000000001111011100010001111011
0000111111100110001110000111111100000011101110000001111001110000
0111100000011111111000111100001111000000001111111110000000111110
1111000010001111011111100100000111001111100100001100111100011001
1101110011000000111111100000000000110011110000000111100000011100
0011111000111111110001100110001111000000100011110111111110000000
1110000111110111000000111110000111000000001111100000011111110000
1110001111110000000001111111000110001111111111000000111100011110
0001110011000110011000001101111001100001111000000000111111000111
0011100001111110000011100001111000001111111000011011111110000001
1000111000110000001110000111111110000111110000011100111111100000
1111111000111000111000111111000111100000111111000110011000110000
0011111101100000111100110000111110000011111100000001100111100001
1110000011100010001111000011100000111111000000111100000011110001
1111000001111000000111001110110001111110000000000011110011000111
0011100110000111000100011110001111000000111000011111000000110111
0000011111100011111100000111110011100000100011110000000111110001
1100110000011100100111010001110011000111001100011000111100111111
0001011100001110001111000111001100011100011000011100001111001100
0100010011111000001111110000011111110000001111000111000001110011
1100000001100110001110011100001111000011111000111111000001111110
0000000011111100111100001110011001100001111110000110001111000110
0011100000011100011111000011111000110011111000001111000111111000
0010011111111110001000111100000001111110000011100110000001111000
0001110000001111110000000111111000000111101001110001111011100000
0000111101110000001110001100001110111011100110010000001100111000
1111111111000000001110110011111111100001111111000100001100011101
0000001110001100011100011110000111011001110001111100001000000111
1111111100000011111000111100011100111000000111110001100000110001
1110001111011100011001110001100111000110001100000111000000111111
1000001111110000001110000000111111100011100011110000011100011111
0000000001111111000111111100001110011100000110011100100011111100
0110001111000000111111110011100011000111001111111010000111110000
1111111110001000000001111001110000001101100110011111100001100001
1111110011100000000001110011111000111100000011111110000011111000
0011110111111100000001111110000011111110001110001000111100011100
1111000110001111110000111001111000111000011111000011111000011100
0001111000011101111100000001100111100000111001110000011100000000
0001110001110000111111100110000100011001110000111000100000111111
0110001100111000111110011000000111100011100110100001000001111111
1100000000111111000000110111110001110111000000111101111100000001
1100000001110011110001100000000000011110100001111001110000011111
1000111000111100110001110011110000111100000111111001111100110000
0011111000001111000001101111001100011100000011111100011110001000
1100010011100110011100000111110001111000000011101111110000110001
1100001100111111110011110000001110011110000001100111000001111101
1100000011100110000011100001111100001110001100011000111111001100
1111110001000011110000011001110011100000110001111110000110011110
0111000000001111110000000011111100000000111110000000111000100111
1000000000011111110000011111110000011110001100111000100001110000
0011111000000011100111100011111000111000000111001111000001100000
1001111111000110000011100001111110001111000011001110000111100110
0110001111100011101100011110011110000000111110011110000011101110
0011111100111000111000011100111110010000111111111000000000111110
0001111011000110111000011110000111000011111110111000001100000110
0001111000111000011111111100001111000011100011111111111000111000
0111000011111000011100111000011001111100001000111110000111100011
1111100000011100110011111110001110001111111000011000110011111110
0011100011000111001111110001111000011110001111000011110011110000
0011111000000111000111100000000111111101100001110001110011000111
0001111100000011110001111100001001111000000011111110000011110001
1000111100011110000001111100011000000111111100000000111110000111
1111100111000100100001110001111011110000101111000000111111000110
0000000111100000111111001100000011000111111001111000011111110000
0111011111100010000000011111110000111100110011100000111111111000
0111111100110001111111100000111111100110000001111110001111111000
0111001110011111000011100000111111100011100111100011100010001111
0001111110000011100111110011000111110011000001111100110000000111
1111000011111000011110111011100000011100001111100000110001100011
1110001100111000001100011111000000001110011100011110001100011001
1100111110001110001100001111100000111101111110000011111110001001
1100111100000100011101110011111110000001111000011000001111100001
0001110000011111000000011000111000010011111000011110000111111000
0000001111001111000010001110000001111001110011001111100111001100
0111111110000110001100011111001111000000111110000000011110011001
1100000011111111100001000110000011111111100001110001100110000001
1110011000111110011000011110001111000000001111001100111001110001
0001110011100001111111101100000000111111111000111100011100001100
0111000001111111111100000001111001110001100011001100011100000001
1111100000011110000001111111110000000011111110000111000000111001
1111100000011000000111111110000001110001110111110000111111000000
0111111110000000000000111101111100000011001110000111111000111110
0011000011000011111000000111100001111110001110000000001111000000
1110011110000110011111100000110011110011000011100011111001110001
1111101111110011100111000011110011111000001111100000111000000111
1100000011100011100011111100001001110000111110000001110001111100
0001111111000011111001110011110000001111111110011100011000000111
1110001111000111000110011000000000111111111000000100111101111001
1101000000111111000110000111000001100011000001111000011000111100
0000011100011111100000110000001111001111100000111110000001110000
0111001110111100011100111111000111100001110001100110001110110111
1000111110001110011100000000111000001111110000111000001111000000
0111111000011111001111001110000001111110000000001100001111100000
0111000110001111110110000001111110001000011000111110001111100000
0110011110000011100000011111110000000111000000111111100000011111
0001100011110001110000001111100000001111110010001110000001110011
1000001111110000001111011100001111100000000000111100001111110000
1110001111110001110000001111100011100010001100000001110011111100
0001100111000001111111000000001111111111000111111000001110011110
0001111000000011111100110000000001100111000001111100000001110000
1100110011100011111111000000001111101111110001100000000111111100
0110000001110011100000000111111000111000000111111000111000011111
1100011000011100011001110011000011110000111000000111100111000001
1100000110001111100111111000011111100000011110001111110011001101
1100000110000011111110000001111000001111100010001100011001110001
1000011110001111000000111111000111000000111111001110111110000100
0111100011100000110001110000111111100000001111110011100110000111
1111000110001100011100011110000111000011111000000000111001110000
1110011000000011110110000001111111011100000011111100100001110110
0011001111100000001000111000001111000111000011110000011111000000
1110011001110001100000011111100000001111000000111111111000001101
1001111000011001100011100000001111010000000011110111001100011000
0110001111110010011100000001111111001100011001100011100011110000
1110011100011100010001111111100001111111000000111100001111111100
0000011111111000011000011111001110001000000111100101110010000000
1111001000111100111000001111111100011111100000000111111001100000
0011111000001100111000000011110100000011100110001111111000110001
0011110000110011110011110000011001110001111110000001111111100111
0000000011111011000011111100000011000011111111000000000111111100
0111000000011110000000001111111000001100111100000110111111000000
0111111111000111000000011101111110011100000011111000000001111100
1110000111000111011000001111000000110000001111000111100000111100
1110000000111100011110000000111000001111111100001000111100111111
0000111100001111000111000001111111000001111100011001100011110001
1000001111111111000000011100000111011111000011000001111000111000
1011110000110011110111001101000000011111001100010000100011111001
1000011111000000011100111111000011110000001111000111111000011110
0011100111100000011111011100001110000001111100011000011111100000
0000011111110000001111100000011111111100000000110110001111011110
0001111100000111111000011001100111100110011000111110001000111111
1000000011100111011100011011100000000111111000000011111111111000
0000111111000111000110001110011111100001000011110011100001111110
1000001111111110000000001111001110000000011000110011100001110001
0001110001100110011100001110011110000001110001000100011111111111
0000000011000111110000000011111110001100000011111111000011100011
0000001110001111000000011100111110000001100111100011111000011110
0000111100100001110011100011111000011111100111111000011100110000
1110001110000111110111000111100000011111100000110001110000100011
1111001110000011000001110000011000011100001111100000111111000100
0100000110001111110001100000111111100000111100011000001111011100
0110000111100001001110011111110011000001111100001110000011111000
1110000000111110000111110000011000100111000111110000111100001110
0000110001100000111110011100001100011110001111100001111000011100
1110000000111001110001111100000011111111000001111110000111111001
1100011000111000001100001111101101110000000111000111111100000111
0000000011100111000110000111110000011100100000111110001100110001
1111000011111100010011100110011000111111100000100011101110000001
1110011110000011010001111111100000011100001111100111000011111100
1111110000000000111101110000001111000001111111001100011111110000
0111000011111000111000011111000000011111110000111100000110000011
1110001100111100000111111111000110001101100011100111110000110001
1000000111100000011111000000000111111000100000110011100001111100
0000001111111000110000001100011101111000111000000001111110011001
1000111000011100001111100000000011100000011111111101110000000011
1111000011100000011100011111100000001111101111100011000011100011
0000111100011111000111110000111000000111000111100000111110000000
0011110001100000010001110000111111000000001111111100001111001000
1111000110111000111000011110001111000000111110000011101111100011
1100001111000011000001110011100011110000011000111000111100111110
0000000111001111000011000011101110011111001110001100011000011111
0000011110000011100001100011000001111111110001100001111111100000
1111000000111111001000001111110000011111110000011001110000011001
1100111100001100011100111111111000001110000000111100011000000111
1000001111110000000001011111000001111000011110100001110000011111
0000011000011111000110011100011111110001100001110000110000111111
1000011110000000111000011100011110000001110001110011000001011111
1000011001110000110011111100011100001110000001111000111111100000
1111110000000011110001111110100001100001100111011111000011111000
1111000111100010011100011100001111110000000111111110011110001000
1100100111000111100001100111000011111100000111100011111000011100
0111110000000111110001100000011100011110011001110000100000111000
1111111000000000011000011110010001110001111100011110000011111111
0001110001111100000000111011001111110000000111001110001111001100
0000001110000000111110011001110011000000001111111000000110011111
0001110000011110010001101111000011100000011110011101110110000111
1100110001111000011111100000000111111110000001110001111111110000
1100001111100011110011100000001111001110000011111110001110000111
0001100011110000111011111111000000000000111110000011110000001110
0000000011111111000000111111110000110001110001100111000001111110
0000001110011100100011000111100011100001111111001110000001111111
0000000111000011111110000111110000111110000111001110001111100010
0111001100011110001100000011100011111000011111111001111100011110
0000011110000010011110000111100000000111100111100000110001100111
1100001100111111110000011011111111100000111111100001110001111000
0111011111001110001100000000001111111110000000011111100001110001
1110000111110000010001100001111111110000000011100001111111100000
1111110111001110001111100110001111001111000000111100001111111100
0001110011100001110011111111000000111000001111111101000000011000
1111100001110010000011111111100000001111011000011001000111001111
0000000001100111100000001110011000000111000110011100111110000001
1111000110000011100000000111111000011000111000000111100011001100
1111000001110001111001111000111000011000000110011111100000001111
1100000110001111111100001100111100100011110001110011100011000001
1111000111111111001100000111111100000000011111000000011100001110
1110001111100000111001011110000000111000000111100011000100000111
1100011110000110000111111000111001100011100000011001111100010000
0011100011100001100001111110011100000011111110011100001100011110
1111111110100001110000111110000011111110011000110000001111100110
0000011110111100000011111110000011111110110001110000111000001111
1111010001110000001110011110000011111111001110011100000000111111
1100111100110000000111110011110001110011000011110001100111111000
0110000000111100010111100000011001111100011000111000111000011111
0000000110001110000001111000111111001110000000001111100011111100
0011111100000011111100000011110000001111000011111000011110001000
0111110000000011110000110001110001111100001111110000100000111100
1110000111000001110011001100011110011101111000001111110111100000
0000111100001111000011011100011100111111001000011001111000111100
0111110000000001111000001111111100011001111001110000001110001100
0000000001111000000001111111100000111011100011110000000111111001
0001111110000100001100111101111000000011111000111100011111111100
0000111111100110001100000111111000100000011111111000000111100000
1111111110000011111111100001111100000000111110000001100000001111
1100000011111100011100111001111000011100011101100000100011110000
1111111110000111000000111110001110110000111110000000111111100110
0011100001100111100001111110000111110011100111100011110000000111
1100011111100000111111000000011111100001100011111110011111100000
0000111011111100001111000001000000111111100001110001110000111111
0001111000011111000011100001110011111000111111111001110000011111
1100001000100111000110011111111001110000110001110001111100000111
0000000000111111110000000000011111111111011110001110001110001110
0011100011100011100011100011100
