file=gough-lui-v90-v92-modem-sounds/USR-Message-V92QC-bong-bong-bong.wav
window_s=9.476000-13.280000 protocol=v92_pcm law=ulaw timeslot_rate=8000
codewords=30432
sign_bits(30432):
0000110101110111100110001000110011001110011001100010001100110011
1001100111001100110001000110011001110011001110011001100010001100
1100111001100111001100110001000110011001110011001110011001100010
0011001100111001100111001100110001000110011001110011001110011001
1000100011001100111001100111001100110001000110011001110011001110
0110011000100010011011100110011000110011001110111001100110011001
1001001100110100110110100100100111101001001110100101100000000001
1111100000111100001110000111001110001100111001110110011001101100
1100100100100111100100100001011011000101101001111111111000000011
1100000111100111100011000111100100011100100111001101100100110110
1100110101101101111011010011101101001101000000001111111000011111
0001110000111001110001100110001100100011001001100110100110110010
1101001100010010011101001011000011111111010000001111000011100001
1100011000111001100011001100110011011001100101100100110100100100
1010010110001001010011111010010000111111000011111000111000011001
1110001001110001001100111010011001101101100100101101101101001011
0111001010010000000010111110000001111000011100001110011100011101
1100011000011110010011001111001001101000011100011110110011011011
0000011110011011001101001111101001100111100111110011010100111000
1001001001001100001001001100110010110100100110011100101100010100
1111001001001110001111000000110011001111101110000110111000001110
1001101101001110110001110010100101111011001100110011000111100000
1101001111011000101100111001110001001000010101111011011000111001
1000001111101001000110110001101111000100001111111000110001110111
0010011111010000000000011000111011001001001011100011010010110011
0011011000010000101101110000110101101001000001100111111100010011
0111100100001110001110000011101001111000011100100110011011000011
1100011001100101011111011010011110011000111000111100001111111111
0001100110011100110000110110110010011111001101000011100101100011
1101100110011001000110110011011010011010000011011000101110100110
1111000010011001110001110000011011110011000111100111100001111000
0011011011001110011001100010110010000101111000011110001100110010
1111100111010000111000111111000000111111101011001000110011111001
1111000100001101101100110001101101001100111100110110100101101010
0110001111100011111011001100111000111100001111000111100100001100
1100110110100111001100110001111001001100010010011001001000110001
1111111010000011001111011010100100101100001100110110100111110000
1100110011011010110101100001101011110000001110010110000001001011
1110000001000111011001100100101100000111110000110011001011111000
0011100101101111001000011001111000110110110110000111101101110010
1111100011110000011111101000001111101001001100110011011010001111
1110001000010111011001101110001101101100011001100101111011000010
0011110011001110011000011010010001001111100001001011011111010000
1001011011001111010000111010010110100111100100101001001001011000
1100110010011100011010011111100011101100001110010111110100111100
1001101100000000110001101100001101110010011101101100011100110100
1111010010110110100011011000111100011011011110010010000110010010
0111111001000010011111000111000001111100011100010110011100100010
1111001011011001101110011100011001100111000011000110001111101110
0001100010011011100110110111001101000001110010110010101101111001
1000010111101111010010001001110100111000011011011111000100100100
1001100011100001101110001100110001111001011110101000011011011010
0110011100010110111001100000011101100011100000111100001000110100
1001110001001011100100111100111000100110010010111100011010011100
0110001110001001110000111100011011001111001001100111001100110011
0011001011000011001011011001100110111000110001110010011000011101
1001111110011100000110110001101100100110110101001100011110011110
0001100101101111100110100101101100010111010011011000011101110010
0111110100110110010111110111100110001111001111000001100100000110
1000001001011110000111010000011001111001110000111100001111111001
1001100111111011010110000010011011100100110100111110010110011010
0011011110011111100010011111110000010011001110111100000101001010
0111001001101100011111000011000111101100100100111000001110001111
0000111110011001001110011111100111100011001101111001011100111111
0011100111000111010010011100001011001100111000010111001001110001
0000011101001110010001101000000110011011011100011001011000110110
1000111100000011101101100010011000110011110000110111111110011011
0110110111100110011001110011100000100101100110000010111000111000
1111000111001001110011110011000001100111101100110011011001111000
0110111111001001001000011101100100101110010010111100101111000101
1001011110011011011100110011110000100011110011000001111000011100
0010011001001000010000101100111100100110001001100000111001110110
0001100111110001111001100110011100110001001011100011111010010010
0111001101000011110100001000111010110110100011101101100011111110
0001100100110110010010011111110100100011101000111100111111000010
0111000111010000100111110000110100111011001100110001101101001011
0110110100111110011001101110001001011000011111000111011001111100
0011011010011111000001110011011000010110111101101000011001100000
1111001000110111001110010010111100100001100110100111100000011011
1101110010010011110010011000001101000101111100010011011100110100
0011110011111001110001001001011011001111101001100011101101001001
1100110010010111000001101100111110000001101001001100110001100011
1000011110000111110001110011001110001111100010011010011011011011
0011110100011100100011101001100011001001110010011010010110110011
1001000111100000111110100011100010011000111100000011100100011001
0011000110011100011111000100100101111001010011001100111111100011
0110011111001001000110011111000111010011011011001111110010110110
1001001000000101110011010010001100101101000000001011010000110001
0010010110100001100110000110011101011001100100110011000011000011
0011000011111110110000011001001001000001111000000010111111001011
1100010011110011000001100101100110110110011010010110011110000110
1010010011111000000011100011110001110100110011001110000000110011
1100101100010011111110000011111001101001001001011110001011011001
1000011011011100010000110110010001101001111100100011000011010110
0011010011010110000111101011001111000001110110111100000111100011
0001111110001100010110100101100011111011011001110011100110011111
1100110000110111111001110011010110011001101000011100111001101100
0001111010000000110111000111000111111001100001011011110000011100
1101101100010011000111011000000011100001110110000110001110100110
1000110001100100110001111110010111010000000001101100001011100110
0000000111101110011010010010100111000110110100111011010000111011
0001111000110010111110000000011011000100110111010011000011111100
0111000001100001100110110001100011101101011000101100011111000001
0011111010110000101101000011101111001111100100111110110100111001
1001101101111000011100110100001101100100100001100010010100111000
0111001110000110001011111000001110110010110110011111110011001011
1101001010011000011000111100011011001001101000110001101111101100
0100101100001101110110010011001100111001100011011110011010000110
0101110010001111010001100111101100110000111111001111000001111110
0100111011001111100001111000000010110110110000110111001110110110
0111011100110000110100101100011011101100000011100110001111001110
0100000101101110001001011000011111000110010010111001011001001001
0011100100111110110010010011011111001101010000011110001110010111
0010010110111001110000011111100100110000011001101101101001010011
0011100101100011111000100100101101001011110010010100110011001111
0100101100100101100110110110000001001100111011011000110000100110
1001110010000010011011110010110000000111011010000010011110010110
1100000010011001111101100001011001100110001100111000101100100111
1001100100111001100100101100110010110110001110001110111001001001
1000110110110111000100100111001101100011110010110100101111100011
1000110110011111000101101000110101101000110011110000110001110110
0111000001011100101001110010100011000110011011011000111000110011
0010110001111111010001111111010011100011110011110000010011110010
1100000111101101100000110110110011001110011100011100000011100011
1110001110010011000110110110011001111111000111100100110100111000
1101101111010001101100000111100001111000111001001110110011010011
0011101111000110110100100111100011110011001000010011111000110110
1101000110100100111010000101111000011100110011000001101101110011
0001100001100100101101001100100110100011011000011111100100000011
0010001100110111000111000100100011111010000000111001001001101000
0111001101101100001001111100100011111001111010000100110011100010
0100101011001101100000001111000101100100110011001001111000011101
1110000011100001111001001100110010011011110001110000011110010110
0110110110011000001101001110010000100110010110110100100011110000
1100101100011000010011001101001001111111000001111100000001001100
1011101000110100110010110010110011000011110001001100011001001001
0011001110010010110001001100010110100100010111010001110110101001
0110110001001110010001111100001100111001100110111101000011000111
1111001000111001100010011111111001000111001111100000100110010010
1100100110011100011010010011001001000100110000010111110011000001
1111111100011001101101101101111001101000110001011110000010011110
0001101101000000011111000010111111100100110110100101100111000100
1101000011011010110001110001011101100011100011100110011111010010
0101110110000100111000000010110100000011100110011001010110011001
1111100000111100011100110010011000110010010010010110111100110011
0110110100110100101101011000111110000011000000111100100100111110
1001001110001110000000101111011111000100001111111001010011000000
1111100110001110011100110010010111100001111000111111010000110011
1111000011010000011111100111000100001001111111001011001011010011
0000010011110011100000011100011000111110000001111100001001001100
1111001001001100100111100001100111011100001111001101001011011011
0100111011010110000110011100001100111001101101100110011000011111
0110110011001110110110110010000011100011111000110011100000111110
0000001001100000111000011100001110011101000011011011111000000110
0011100001111000001110011000011010011111000011010001110001001011
1000001100011110000111100001110111001001110000011101011010011011
1110010000111110001011001001011001011100001001110011000001111111
1110100001111011001110010011000100110100101111110000110011110001
1100011110011010011001100000011110011100000110110001110011010011
1001100011001100110000110011001110110100110010011100000111110000
0001110001111100011001000111110110100011010011000111110010010011
0000110100100111001001100101001100000000001111001100111000001110
1001000110111100100110011111010010010001100011001110011000011100
1100110100110011010011111101000011011100100101101011001111010010
1100101100111111001100110110010011001001011011100010011111110000
0111100101101001110000011111010100110111100111001000101100100111
0011011100100101101100111101000011010010110110011000111000011011
0000110111100100100110000000111010110110001001111111001011100010
0001011001001001100000001101101110010011000110101101110011000100
0111110100100100111000001100100100111100100101000011101100011001
1011110011000111001110000101111000001110001101001101100110001011
1100110000011111100100101001100111001001001110001111110010011100
1100011010011000010111110000011100011001110010111100111000110011
0000111100000110011111110010001001011000000100111001110000110000
1110001101110000110011000001110001111110100111001011010010011000
1101100011000100100100100111000001000110111001001011001100100111
1001100100100000111100100100110000011110010111111001011011011001
0011111001110000000000111001101000010001101001100101110100100011
0010011100110011010000001100111001001101100000110001100101110100
0110110110011001001101110011000010011110010100110011001100110110
1001100101110001001101000011011110110001001011111001111001000110
0110100110011010011001101001001101100110110000100111011100010010
0100100100011101100011011001101101100110110100110110011100100011
0110100100111011011001100101111101000010110011111100100110011000
0000010101101001101001011110011010001101101101101111000011011100
1011110011111010001111101001001110000110011111000101001011000100
1001110000111010000111110000111010010110100110010111100001111100
1100100111110000011011000100011011011000011110011010011000110011
0011110110101000001011100110011000110100111000100110001001100111
0010000111111101000011110110100100000111001100100110010001110000
1101011010010011110011001100001100011001100110011000110000011111
1010010010011111001001001100010011100011011110011100001001111010
0000111001111100100010010101001100110100101111100110011011010011
1001011110000100110110111101101101111000110100110011001000011110
1111000011111110000110110111100100101101100111001000111111101001
0110011001011010000111111110000001111111001001011001111001000110
0110011111110001101101001001100100101101001111001001011100001111
0010111111000011001011000001011001110110100000001111111000001110
0011011000111100011001100001110010011110011010010110010111101101
1001001001110001111001011011001001111001110011000111110001111000
0111101000110110011010010000111101101000000001111110000100111110
0000100001101110100100001100011011100110101001001111100011001001
0010011100100110110110110110010010010000011101000000001100011001
0110100011010110110011110011001001101111111100011011011010011001
0111000100100000011101001101001101100110001100101111001011110000
0111000111110010110101000011010100001100110011001111000001011001
0101100001110011010001111101001000011111000100110011001100101100
0111100000001111001001111000011110011000001111111101001001011101
1111000011001111001011000110110110110001111000100100011001110100
0000110110100100100101111001101110001110110011001001011111001100
0011011001111100000111000001110010011111000001110111100001101100
1100110001110000110001101110110000111100101101010010010010001110
1000110110010010110010001100101100001111001111101000111000110110
1011011000110111110001110001101100011001100000110011001110000110
1011011000001111001001100111100100110100101100110001111101001011
0110000110100100100101100101100110000000111110011000101110100001
1111100100011001100100110001001001101100101100101101001101001001
1001111100011000000111110010110001100111001100011010011011001110
0110011000011011111000111001011100011101101100111100001111001011
0111100011000001100100101100011010010001111100000011001101001001
0110011010001111100100110001101101000011100111100000000011001011
1100001100111001001001111110000100101011110011100001001110110100
0010011100110011010000011100001100011111111001001011011000100111
0010110011110010110001000110011110110011100011100011100100101101
1001011100100101101001011110110101100001100100110011011000000011
1111100011001101100111000011011011001000011110110100101110000110
1111011100011101011001000111110000111110110100110011100100110100
1011001111101000011001001111000010010110111111100101100110010110
0110010110000101101100000010100111000110000110100110011100011101
0011000001001111110001011100000110011110110100110010010111100100
0111101110010011100000011001110010011011000100100011110011110100
1011011011111000000111111100011111000101100100101101101000110011
1100001110100011100010010110010111001100000010110110101110010000
1110110110011110001100101101101100110111110000110101101000111000
1111000000111010010010100011111001100100110010100111001000011111
0100111001001001001111101110000000011110011011110000110111001110
0001101101001001011001110000011101110001101101100111001000011001
1101100001111011100100100000111110000010100100100111100000011001
0100110000110011110001101111001011111100010010010100100101101100
1100001011011001100110011101001001011001001101011010011101000110
1001100010011111001101100111110010111110011010100001101010011011
1100001011001100011011001111000011110100111100011001100110110100
1001111100011010011101100001100001110001101101101101100100100111
0011000010110001100000010110110000001110110110001101001101001100
1101001100111000111001110010011000011110011000110111110011110000
0011001111000000011001111000110100000110110110100000101111000011
1001100100001110011001110110010011010010100101100000001011011001
1010000110110010011100111000110010010000011111100001111001110100
1111000001111111000011111100000110011001100111110011100101101100
1100111000111000101111111100000101100110110011001011000111011010
0011011001100011001001101100000111110001001011111100000110001100
0101100110011000001111110000100011001111001001001001100100111011
0011100000011111101000001100110001110010000011000011110001110000
0111000111100110100011100011011001100110000100110100110110100001
1100100100110011011010110011100000111110011010000101100111010011
1100010000110110011111111000100110111101110100011001110011000010
0111101001001101111001011010011001111101001100110111000011000110
1100001111101000010011001001011010011111110100100100111011001000
0100111100111100010011001101111100110100101100111001100001110010
1001100110110111100100000100101101100110000110111110010110110100
1110010011010110110011001100100100001101101110001010010000111110
1100111100000110011111100000111100001101101000011111110000000101
1000111000001011011001001001011100111001001000011111100010110000
1111100100101100111011111001100011001111000011011001100010010110
1111001011100100110110001111000011110100110011110010001100100111
0001100101101011011000110110110110111100000111101001100011010011
1100100011010011110001100010011100001111010010011100110001100110
1110000011010011100001101011010010011100000000110110100100000110
1101011011001110011000101110011011110100111001101001101110100111
0000010011010110101100011000100111001100100110100110101101001100
1101001100111100011001011001111000011101100011101000011011100110
1001010010001111001001111001000110010111101110000110011100100110
1001101111001001101100010011000110011100011000110011110010110010
0111011001111000111100111100110100100001100101110000111000011100
1001110010000011111001100111110010001011011010011101001111100110
0001110110100100111000110101111100101100110110110000011111000000
0110110101000011010010111000110011001111000000101100111000101001
0110100101101001011010010110101101100111011011001001001100000110
1110111001001100111001100000110111000100111011001100111001000011
0111000011111000000111011100000101111110010101101111000010001111
1111100001000010011001101001111100100110100100110011011001010011
1011011000011101111000110110010010010110010110011011110010100101
1011011000110010110011011000111100110011100101100001111001111101
0000000001111110000011100101110001100011001100001011001111100111
0000110100110110110011000101101100001100111001011010011111100000
1011111000001011011000111110110001001110001110000110110001110010
0101001001000110011110000010110100110000110110111001101110000110
1100111000011111010000100110001110011100011100100101111101101101
1001100000111011101101000011001011111001001100111011001111001111
1000000110000110010011000101001001100010111111001000111110000011
1110011010010010111110000001011111000001011000111001100100110011
0100011100010000101011010011000001001011110100101101100011110010
1101100011110011010001111111001100001110110111100111110001100100
1001001111001011100000011010010110110011000111100011001011010100
1100111001000011010000110001111010011110001010010010011111000001
0010110010110000011001100100000111000100011111000001000000110011
0100100111100111000011001101100100101100100110100111000110110001
0011100001101101100111000110010111010010111110010010100101100110
1101000011110000011111001100110100110001110110001100110000110010
1001110010001100110001111100010011000011111110011000001101100110
0001111001100100110110001111111100100000110111001100011011001001
1001110110100100110110001111000000111000110100110011100110011011
1101100111011110000111110011000110001101100111000000111100101001
0110011001011000000111111110000001111111010000011101100011101100
0011001110110010000111101001001111101001101101100001101101000010
0110000101101101001100101101001011100101111100011100011011001111
1011000100101101001001001110000110111000011110011001111100001100
1100111000001110001101100101101001111011100000111001011110001001
1110011001100011100011111001100000110011010100101001111101100000
1011000101001100010011110000100110001111001001101001001001100100
1101100101100111101001001001101100101110001110001000110011100101
1110011101000001110001100101110011000001110011101000011010010010
0000000111010011100111000010011100110100000111110011100110000000
1110010110011110011001000111001011110000110100110110000110000011
1110000011111100011100001101101100000001101111001011010010011101
0011011011010110101101001100111001001001101101001000111110000011
0011000001110000110111000001110001101110000000101101100000111100
1000100100011100100110000111010010000111101100011001101001001100
1001001001001111100100010100110110011010000011000001110001001111
1110011001001101101111110010000110100001100100100111101001001001
1100100101100111000110011111000011001001001111100100111001100111
1100100100110001101101001111011011001110011010011110001110011000
0111001100111011001100110110011100000110001111000001101011011010
0001101110000111110001010011001111110001011001001001100110001110
0000111001100011011000110010011001110100110001100101011001110011
0011100000111000111011010010000111010010110110111111000010111001
1001001001111101110001001101001001011111000010010011111100001110
1101001011100000100100101101100011110010000011010000111100000101
1111010010011000011110011001011011100101100110011101101100011001
1100000001011010111001101000011000011111100000100100110000110011
0010111100000000010110100100111110010011011011010010100110111011
0000110011100000110011111001011000011111111010010001100011001011
0011000110010110000010011001110110010010010011100001100010110010
1100011111101001000010110111000001000111001110011001011001111101
1010010111101000011111001100100011001101001001011001011100100011
0010001100110011001100000000110011000110100110000111100001011111
1110001000011011011011010011000100100110010000111100010011100001
0110011110011110000001111110001111000100111000111101101100011001
1001101001111110110010011111110110000110001101001110000011001011
0110011001101101001100110101001011010011001001001110010011111100
0000111011001110001110001100111001000111100000011111000111000001
1111000000011110011011010010000111110110110110110001110011111100
1000110100011100011100110010111101100000000001111001110010100101
0010110111110010011100111100011011000110011001000011001001100001
1001110011110011001001100011111000011100000110110100111011000111
1110111001010010110001110011011100010110000110010110111000110110
1001101101101000110010110110110011111001001011100011111000011001
1010011011101001001000001000111001100100110110110100110100000111
1110011100111001101101111111000000111011110011100100111001001100
1100110010110110001100110001101001011100011111010000011111110101
0011001110000101100110111000001110110000100110111001011010100110
0011111100000111110010011001111000001110110010110010110010000111
1000111100110110000111111001001110001110110010110011000110000000
1111001100011110100110011101001001001101101101000011111100110000
1111000011101111000100100111011011001100011111000001011011001001
1001100110001101001001001110111000011000001011001111111100000010
1100111111000110001111101000010011100011111010000011010011110011
0000100101101001110011000100101110001011100011001100100100011011
0001100100110100001100010011101000010110011000111001001011011001
1001001000011110001000110010000011111100001100111000110011100111
0100111001011000011111010000001100101111100100101101101001011001
1101001110000110110111001011010011001111101101100110001100111100
0100011100111001100100101100011100001101100011101111100011000111
1100100101100110000110110011100100110100111100000001101111100100
1110011000000110111001100101101001011100011100000111110000101110
0100110011000011001101100001000110110100111100100110110011001101
1011000110110011001110000110110100011011001110000100011000110011
1100110100000110110000110011010000011001110011001011001110000011
1000011011110010110011010011001111000000011111000001111000000010
0111110000110011110011110000011001011001111010001101100110011001
0010011001101001100011111001001001110001101111101010011011001111
0110100011111001100011111100101011010110001100101101000011110011
0010000111101101001011000111110011000111000001111111100110000110
0111101110000010011110010001110110011111001001001100101100011001
1110010101101001011100110000110011001001100011111100100000101111
1000011011011000011111110001100100110001110110000011110111000001
1000011100011100011011111000011011010010011000001100100111110001
1000111111100001110001011001100011111000000010110011101001011000
0011010011110100011100011110100100001111001000110010010110000011
0011111100100110011001110001011010010000010110111111000101100001
1011001111100110001010011001001001100000001101100101101110000011
0011101000001110011001100110011110000011111000110100000101100000
0110001101001110010011011001101100111110100101100101100011000110
1101101000001011111000001111110100000001111001000110011100100100
0110100100111010000011110011001100001100110011101100111001100011
0101101110001100110100110011001111111100001011011010010010010110
1111100010011110110100111000100101001110101100000110000110100101
0110111001001001001111110100111000110110110011101011001111001101
0011001111001110110011111000101001011011001011001001110010011000
0011110010011100001011111110000000110010111011011010010110001100
0011010000111000011110010001100001111111001100100110110010110000
1111000001001111000110000110100001101001001110010011111001100111
1000110000111100000100011100000110110100001101100111000111100110
0110111100011011011111000110110011110001110100001111100000011010
1100110110110000001011001111100001001011010001110010110110110100
1010011110001101001000110001001100101111000010010010111110000011
0100100101101001011110000111011011100110011100000111010000110100
0110100111001101100000110010110100110000111100001111100101101001
1000111011010011100110000110111100000000101110011000111110010011
0001110001100101111001111000011001100111100110011100110100100100
0011011110000100011100110100100111110001101101000011011001100011
0010011011000001100110010100110010110010011001101101001000110111
0001100001111100101011001001001101100001111000100110010110010001
1000000110011110100001100011111100011110100100101101111001100110
0110011101001001000011110000011011101000100111100001101100110110
1001011001100010111100000100011100011001001111011010000011010010
0001111100001100110000101110011000000001101100100110010110100001
1101111001001101101011111001110010010110100101100111000000110011
0011100011110001111000000110010010001111111010010011001011110110
0000011110100100100001110000101110011000010010100110011011001110
1101100010110010011010010111100001100110001100001111110000111001
0110000111000110110111100111100100011101110000010010110000001001
1000001100110101100001101000111000011011100100111011011000001110
1000110100110010011111100110001110000110110011100011100100110000
1111011100011000001110110101001101101000011000111001110001111000
0110110000111011001101100100111101001100000111000110100100100110
0100011111010000011001111001100011111001000011011011000111011011
0001100010111001110011100100100111011000011011100001110011001110
0101110000000110110111011000111111000001101001010110000111110000
0111010011011000001100111001110010010011001111000011010011010100
0011110000011001000011110001100000111011000101100110010110101001
0010110011000111110110000000110010111000111111000101100011001111
1000000110011111001011000001101111001111001100010000011111011011
1100011100001110010001110001111100000101111100100100110000110010
1101100100011010010110010110011110001001011010001110000011110001
1100000111001101001011011010110011111001101001001111001111100011
0100000011001011110011111000110011100111001101101000011110001001
0111001011000000111011100010011000000111011011001000111000011000
1101101100111111110000110011000110011111111000000101111100110010
0111000111110001010011001000001101001100110100100101100100111101
0000110111100101110010001110111100000001001111100110100000000011
0001111001101110000010001111111010011000111111000000011001011100
0111011010000111100100101000001101101011001001011010000100110100
1111001110000000111111100001100011100110100011001110011011000110
0110110100111001100110011010001101001110010011001000111110000010
1101111010110110011001011001000111100000011110011000111001001110
1100011001110001001001100100101110000011110010010011001101110000
1100110000110010011000011011001011011000011010010010100111001100
0000111001110010010011110011001000001111100001101111000111000011
1100011011011000110010111101111000000010111011011010010111100111
0001011100000101101111001111100100110110110110100110100011001111
1100100110011000111010000110111001001001001011110010111000100010
1110100110000111001110011000101111100011111000010001001111111011
0000110110100110111111001001001110110100010010110011001100011010
1101011011001100010110111100110011011010011100110001011010111110
1000011100110110000110110110000011100001100011111100001101001001
1010011101100111100101100011100001110011101100011011001100110101
0010010100111000110001111001011001101100011011000100100110011011
0010101100100100101101111110000010111011110000110110110010111000
1001111010000110100011011001011001100011001100001110001001011011
0100100101011000111110010011100011001110001101110011000001100101
1110000110001001001111010000110001111110000010010001111001111001
0010100001010111001011011000111110000000110011000111111000001100
1111101101101001111001001000111110110000100111000111100010111000
0110110011001001111000110000111011011011011000110001111111010000
0001000001100011011100000110010011000110011111001011001101000101
1100011011100001101001001101110011001100110011100011010011110000
0101101100011000110011000101100110011000111100110100001111001001
1110000101111110000001100110000011010000011101000011110000011011
1100000111111101000111100111000111001101111010000011001111010011
1000111100011001100110011000110010010011000011110100000100001110
1101100001011000011011011001101001100010011001110011000001101101
1100000110110011000001101001100101110010100101101110011000111001
1011011011000011101111000001001111100110001110000111111100010011
0111000000101100111001110001000001101110001001001001110010011001
1111010000001100111001101100010011001011110000000101101100010110
1100100100111110011010001111000001101101100000011011000110111001
1001101110011001110011110011000011110001110011001011100110001011
1100101101100100011101100100111000110011101000111111100001001100
1110001111001110010111001001011100100111001010010110000011001101
0011011000010111100000011001011010000111001101010000110000010111
1111110111001001111000011001001101001000000111100011001011100100
1110100011110000001101001111001010010011011000010011010011100101
1001001101101100001100111001001001000110110111001011000001111100
1011011011010000000101111110110000010000111000111000111000111000
11100011100011100011100011100011
data_bits(30432):
1111001010001000011001110111001100110001100110011101110011001100
0110011000110011001110111001100110001100110001100110011101110011
0011000110011000110011001110111001100110001100110001100110011101
1100110011000110011000110011001110111001100110001100110001100110
0111011100110011000110011000110011001110111001100110001100110001
1001100111011101100100011001100111001100110001000110011001100110
0110110011001011001001011011011000010110110001011010011111111110
0000011111000011110001111000110001110011000110001001100110010011
0011011011011000011011011110100100111010010110000000000111111100
0011111000011000011100111000011011100011011000110010011011001001
0011001010010010000100101100010010110010111111110000000111100000
1110001111000110001110011001110011011100110110011001011001001101
0010110011101101100010110100111100000000101111110000111100011110
0011100111000110011100110011001100100110011010011011001011011011
0101101001110110101100000101101111000000111100000111000111100110
0001110110001110110011000101100110010010011011010010010010110100
1000110101101111111101000001111110000111100011110001100011100010
0011100111100001101100110000110110010111100011100001001100100100
1111100001100100110010110000010110011000011000001100101011000111
0110110110110011110110110011001101001011011001100011010011101011
0000110110110001110000111111001100110000010001111001000111110001
0110010010110001001110001101011010000100110011001100111000011111
0010110000100111010011000110001110110111101010000100100111000110
0111110000010110111001001110010000111011110000000111001110001000
1101100000101111111111100111000100110110110100011100101101001100
1100100111101111010010001111001010010110111110011000000011101100
1000011011110001110001111100010110000111100011011001100100111100
0011100110011010100000100101100001100111000111000011110000000000
1110011001100011001111001001001101100000110010111100011010011100
0010011001100110111001001100100101100101111100100111010001011001
0000111101100110001110001111100100001100111000011000011110000111
1100100100110001100110011101001101111010000111100001110011001101
0000011000101111000111000000111111000000010100110111001100000110
0000111011110010010011001110010010110011000011001001011010010101
1001110000011100000100110011000111000011110000111000011011110011
0011001001011000110011001110000110110011101101100110110111001110
0000000101111100110000100101011011010011110011001001011000001111
0011001100100101001010011110010100001111110001101001111110110100
0001111110111000100110011011010011111000001111001100110100000111
1100011010010000110111100110000111001001001001111000010010001101
0000011100001111100000010111110000010110110011001100100101110000
0001110111101000100110010001110010010011100110011010000100111101
1100001100110001100111100101101110110000011110110100100000101111
0110100100110000101111000101101001011000011011010110110110100111
0011001101100011100101100000011100010011110001101000001011000011
0110010011111111001110010011110010001101100010010011100011001011
0000101101001001011100100111000011100100100001101101111001101101
1000000110111101100000111000111110000011100011101001100011011101
0000110100100110010001100011100110011000111100111001110000010001
1110011101100100011001001000110010111110001101001101010010000110
0111101000010000101101110110001011000111100100100000111011011011
0110011100011110010001110011001110000110100001010111100100100101
1001100011101001000110011111100010011100011111000011110111001011
0110001110110100011011000011000111011001101101000011100101100011
1001110001110110001111000011100100110000110110011000110011001100
1100110100111100110100100110011001000111001110001101100111100010
0110000001100011111001001110010011011001001010110011100001100001
1110011010010000011001011010010011101000101100100111100010001101
1000001011001001101000001000011001110000110000111110011011111001
0111110110100001111000101111100110000110001111000011110000000110
0110011000000100101001111101100100011011001011000001101001100101
1100100001100000011101100000001111101100110001000011111010110101
1000110110010011100000111100111000010011011011000111110001110000
1111000001100110110001100000011000011100110010000110100011000000
1100011000111000101101100011110100110011000111101000110110001110
1111100010110001101110010111111001100100100011100110100111001001
0111000011111100010010011101100111001100001111001000000001100100
1001001000011001100110001100011111011010011001111101000111000111
0000111000110110001100001100111110011000010011001100100110000111
1001000000110110110111100010011011010001101101000011010000111010
0110100001100100100011001100001111011100001100111110000111100011
1101100110110111101111010011000011011001110110011111000110001001
1110011000001110000110011001100011001110110100011100000101101101
1000110010111100001011110111000101001001011100010010011100000001
1110011011001001101101100000001011011100010111000011000000111101
1000111000101111011000001111001011000100110011001110010010110100
1001001011000001100110010001110110100111100000111000100110000011
1100100101100000111110001100100111101001000010010111100110011111
0000110111001000110001101101000011011110011001011000011111100100
0010001101101100001101100111110010111010000011101100100011001011
1100001100000110001110110110100100110000010110011100010010110110
0011001101101000111110010011000001111110010110110011001110011100
0111100001111000001110001100110001110000011101100101100100100100
1100001011100011011100010110011100110110001101100101101001001100
0110111000011111000001011100011101100111000011111100011011100110
1100111001100011100000111011011010000110101100110011000000011100
1001100000110110111001100000111000101100100100110000001101001001
0110110111111010001100101101110011010010111111110100101111001110
1101101001011110011001111001100010100110011011001100111100111100
1100111100000001001111100110110110111110000111111101000000110100
0011101100001100111110011010011001001001100101101001100001111001
0101101100000111111100011100001110001011001100110001111111001100
0011010011101100000001111100000110010110110110100001110100100110
0111100100100011101111001001101110010110000011011100111100101001
1100101100101001111000010100110000111110001001000011111000011100
1110000001110011101001011010011100000100100110001100011001100000
0011001111001000000110001100101001100110010111100011000110010011
1110000101111111001000111000111000000110011110100100001111100011
0010010011101100111000100111111100011110001001111001110001011001
0111001110011011001110000001101000101111111110010011110100011001
1111111000010001100101101101011000111001001011000100101111000100
1110000111001101000001111111100100111011001000101100111100000011
1000111110011110011001001110011100010010100111010011100000111110
1100000101001111010010111100010000110000011011000001001011000110
0110010010000111100011001011110010011011011110011101101011000111
1000110001111001110100000111110001001101001001100000001100110100
0010110101100111100111000011100100110110010111001110010000010011
1011010011110010001001101100110011000110011100100001100101111001
1010001101110000101110011000010011001111000000110000111110000001
1011000100110000011110000111111101001001001111001000110001001001
1000100011001111001011010011100100010011111100011001110000110001
1011111010010001110110100111100000111001101101000110100110110110
1100011011000001001101101100100000110010101111100001110001101000
1101101001000110001111100000011011001111100110010010010110101100
1100011010011100000111011011010010110100001101101011001100110000
1011010011011010011001001001111110110011000100100111001111011001
0110001101111101100100001101001111111000100101111101100001101001
0011111101100110000010011110100110011001110011000111010011011000
0110011011000110011011010011001101001001110001110001000110110110
0111001001001000111011011000110010011100001101001011010000011100
0111001001100000111010010111001010010111001100001111001110001001
1000111110100011010110001101011100111001100100100111000111001100
1101001110000000101110000000101100011100001100001111101100001101
0011111000010010011111001001001100110001100011100011111100011100
0001110001101100111001001001100110000000111000011011001011000111
0010010000101110010011111000011110000111000110110001001100101100
1100010000111001001011011000011100001100110111101100000111001001
0010111001011011000101111010000111100011001100111110010010001100
1110011110011011010010110011011001011100100111100000011011111100
1101110011001000111000111011011100000101111111000110110110010111
1000110010010011110110000011011100000110000101111011001100011101
1011010100110010011111110000111010011011001100110110000111100010
0001111100011110000110110011001101100100001110001111100001101001
1001001001100111110010110001101111011001101001001011011100001111
0011010011100111101100110010110110000000111110000011111110110011
0100010111001011001101001101001100111100001110110011100110110110
1100110001101101001110110011101001011011101000101110001001010110
1001001110110001101110000011110011000110011001000010111100111000
0000110111000110011101100000000110111000110000011111011001101101
0011011001100011100101101100110110111011001111101000001100111110
0000000011100110010010010010000110010111001110100001111101100001
1110010010111111100000111101000000011011001001011010011000111011
0010111100100101001110001110100010011100011100011001100000101101
1010001001111011000111111101001011111100011001100110101001100110
0000011111000011100011001101100111001101101101101001000011001100
1001001011001011010010100111000001111100111111000011011011000001
0110110001110001111111010000100000111011110000000110101100111111
0000011001110001100011001101101000011110000111000000101111001100
0000111100101111100000011000111011110110000000110100110100101100
1111101100001100011111100011100111000001111110000011110110110011
0000110110110011011000011110011000100011110000110010110100100100
1011000100101001111001100011110011000110010010011001100111100000
1001001100110001001001001101111100011100000111001100011111000001
1111110110011111000111100011110001100010111100100100000111111001
1100011110000111110001100111100101100000111100101110001110110100
0111110011100001111000011110001000110110001111100010100101100100
0001101111000001110100110110100110100011110110001100111110000000
0001011110000100110001101100111011001011010000001111001100001110
0011100001100101100110011111100001100011111001001110001100101100
0110011100110011001111001100110001001011001101100011111000001111
1110001110000011100110111000001001011100101100111000001101101100
1111001011011000110110011010110011111111110000110011000111110001
0110111001000011011001100000101101101110011100110001100111100011
0011001011001100101100000010111100100011011010010100110000101101
0011010011000000110011001001101100110110100100011101100000001111
1000011010010110001111100000101011001000011000110111010011011000
1100100011011010010011000010111100101101001001100111000111100100
1111001000011011011001111111000101001001110110000000110100011101
1110100110110110011111110010010001101100111001010010001100111011
1000001011011011000111110011011011000011011010111100010011100110
0100001100111000110001111010000111110001110010110010011001110100
0011001111100000011011010110011000110110110001110000001101100011
0011100101100111101000001111100011100110001101000011000111001100
1111000011111001100000001101110110100111111011000110001111001111
0001110010001111001100111110001110000001011000110100101101100111
0010011100111011011011011000111110111001000110110100110011011000
0110011011011111000011011011001111100001101000000110100100100110
1100000110001111111111000110010111101110010110011010001011011100
1101100011001100101111110011000110110010011111001110011010001011
1001001001100110110010001100111101100001101011001100110011001001
0110011010001110110010111100100001001110110100000110000110111001
1001011001100101100110010110110010011001001111011000100011101101
1011011011100010011100100110010010011001001011001001100011011100
1001011011000100100110011010000010111101001100000011011001100111
1111101010010110010110100001100101110010010010010000111100100011
0100001100000101110000010110110001111001100000111010110100111011
0110001111000101111000001111000101101001011001101000011110000011
0011011000001111100100111011100100100111100001100101100111001100
1100001001010111110100011001100111001011000111011001110110011000
1101111000000010111100001001011011111000110011011001101110001111
0010100101101100001100110011110011100110011001100111001111100000
0101101101100000110110110011101100011100100001100011110110000101
1111000110000011011101101010110011001011010000011001100100101100
0110100001111011001001000010010010000111001011001100110111100001
0000111100000001111001001000011011010010011000110111000000010110
1001100110100101111000000001111110000000110110100110000110111001
1001100000001110010010110110011011010010110000110110100011110000
1101000000111100110100111110100110001001011111110000000111110001
1100100111000011100110011110001101100001100101101001101000010010
0110110110001110000110100100110110000110001100111000001110000111
1000010111001001100101101111000010010111111110000001111011000001
1111011110010001011011110011100100011001010110110000011100110110
1101100011011001001001001001101101101111100010111111110011100110
1001011100101001001100001100110110010000000011100100100101100110
1000111011011111100010110010110010011001110011010000110100001111
1000111000001101001010111100101011110011001100110000111110100110
1010011110001100101110000010110111100000111011001100110011010011
1000011111110000110110000111100001100111110000000010110110100010
0000111100110000110100111001001001001110000111011011100110001011
1111001001011011011010000110010001110001001100110110100000110011
1100100110000011111000111110001101100000111110001000011110010011
0011001110001111001110010001001111000011010010101101101101110001
0111001001101101001101110011010011110000110000010111000111001001
0100100111001000001110001110010011100110011111001100110001111001
0100100111110000110110011000011011001011010011001110000010110100
1001111001011011011010011010011001111111000001100111010001011110
0000011011100110011011001110110110010011010011010010110010110110
0110000011100111111000001101001110011000110011100101100100110001
1001100111100100000111000110100011100010010011000011110000110100
1000011100111110011011010011100101101110000011111100110010110110
1001100101110000011011001110010010111100011000011111111100110100
0011110011000110110110000001111011010100001100011110110001001011
1101100011001100101111100011110011100000000110110100100111011000
1101001100001101001110111001100001001100011100011100011011010010
0110100011011010010110100001001010011110011011001100100111111100
0000011100110010011000111100100100110111100001001011010001111001
0000100011100010100110111000001111000001001011001100011011001011
0100110000010111100110110000111101101001000000011010011001101001
1001101001111010010011111101011000111001111001011001100011100010
1100111110110000001110100011111001100001001011001101101000011011
1000010001101100011111100110001101100100111011011100001100001011
0100100100000111111000000011100000111010011011010010010111001100
0011110001011100011101101001101000110011111101001001010001101111
0001001001100001110011010010010011001000001111001010010111000111
0000111111000101101101011100000110011011001101011000110111100000
1011000110110110110000010001111111100001100100001111001000110001
1110010010110110100110001111100010001110010010011000110111100110
0010011110000100011011011111000001111101011011011000011111100110
1011001111001100001110010000110100000011101101101011011010010011
0011110100100110011001100010110110100110110010100101100010111001
0110011101100000110010011000001101000001100101011110010101100100
0011110100110011100100110000111100001011000011100110011001001011
0110000011100101100010011110011110001110010010010010011011011000
1100111101001110011111101001001111110001001001110010110010110011
0010110011000111000110001101100111100001100111001000001100001111
1100110000111111100110000111001011111001001001011111010000111100
0110011011110001100110001001101100101101011010011111110100100110
0101111001001101100011000111001101101111100000011110000110001011
0000111110000000111100000011111001100110011000001100011010010011
0011000111000111010000000011111010011001001100110100111000100101
1100100110011100110110010011111000001110110100000011111001110011
1010011001100111110000001111011100110000110110110110011011000100
1100011111100000010111110011001110001101111100111100001110001111
1000111000011001011100011100100110011001111011001011001001011110
0011011011001100100101001100011111000001100101111010011000101100
0011101111001001100000000111011001000010001011100110001100111101
1000010110110010000110100101100110000010110011001000111100111001
0011110000010111101100110110100101100000001011011011000100110111
1011000011000011101100110010000011001011010011000110011110001101
0110011001001000011011111011010010011001111001000001101001001011
0001101100101001001100110011011011110010010001110101101111000001
0011000011111001100000011111000011110010010111100000001111111010
0111000111110100100110110110100011000110110111100000011101001111
0000011011010011000100000110011100110000111100100110011101101001
0000110100011011001001110000111100001011001100001101110011011000
1110011010010100100111001001001001000011111000010110011100101100
0011011100101100001110011101100011110000101101100011001110011001
0001111100101100011110010100101101100011111111001001011011111001
0010100100110001100111010001100100001011000110010110010001011000
1111101100101001010011100111011000110011011001011001010010110011
0010110011000011100110100110000111100010011100010111100100011001
0110101101110000110110000110111001101000010001111001100011011001
0110010000110110010011101100111001100011100111001100001101001101
1000100110000111000011000011001011011110011010001111000111100011
0110001101111100000110011000001101110100100101100010110000011001
1110001001011011000111001010000011010011001001001111100000111111
1001001010111100101101000111001100110000111111010011000111010110
1001011010010110100101101001010010011000100100110110110011111001
0001000110110011000110011111001000111011000100110011000110111100
1000111100000111111000100011111010000001101010010000111101110000
0000011110111101100110010110000011011001011011001100100110101100
0100100111100010000111001001101101101001101001100100001101011010
0100100111001101001100100111000011001100011010011110000110000010
1111111110000001111100011010001110011100110011110100110000011000
1111001011001001001100111010010011110011000110100101100000011111
0100000111110100100111000001001110110001110001111001001110001101
1010110110111001100001111101001011001111001001000110010001111001
0011000111100000101111011001110001100011100011011010000010010010
0110011111000100010010111100110100000110110011000100110000110000
0111111001111001101100111010110110011101000000110111000001111100
0001100101101101000001111110100000111110100111000110011011001100
1011100011101111010100101100111110110100001011010010011100001101
0010011100001100101110000000110011110001001000011000001110011011
0110110000110100011111100101101001001100111000011100110100101011
0011000110111100101111001110000101100001110101101101100000111110
1101001101001111100110011011111000111011100000111110111111001100
1011011000011000111100110010011011010011011001011000111001001110
1100011110010010011000111001101000101101000001101101011010011001
0010111100001111100000110011001011001110001001110011001111001101
0110001101110011001110000011101100111100000001100111110010011001
1110000110011011001001110000000011011111001000110011100100110110
0110001001011011001001110000111111000111001011001100011001100100
0010011000100001111000001100111001110010011000111111000011010110
1001100110100111111000000001111110000000101111100010011100010011
1100110001001101111000010110110000010110010010011110010010111101
1001111010010010110011010010110100011010000011100011100100110000
0100111011010010110110110001111001000111100001100110000011110011
0011000111110001110010011010010110000100011111000110100001110110
0001100110011100011100000110011111001100101011010110000010011111
0100111010110011101100001111011001110000110110010110110110011011
0010011010011000010110110110010011010001110001110111001100011010
0001100010111110001110011010001100111110001100010111100101101101
1111111000101100011000111101100011001011111000001100011001111111
0001101001100001100110111000110100001111001011001001111001111100
0001111100000011100011110010010011111110010000110100101101100010
1100100100101001010010110011000110110110010010110111000001111100
1100111110001111001000111110001110010001111111010010011111000011
0111011011100011011001111000101101111000010011100110010110110011
0110110110110000011011101011001001100101111100111110001110110000
0001100110110010010000001101111001011110011011011000010110110110
0011011010011000111001100000111100110110110000011011000110011000
0011011011001110010010110000100100110001100101100001110001100111
1000110011000100110011001001100011111001110000111110010100100101
1110010001111000001110101100110000001110100110110110011001110001
1111000110011100100111001101100110001011001110011010100110001100
1100011111000111000100101101111000101101001001000000111101000110
0110110110000010001110110010110110100000111101101100000011110001
0010110100011111011011010010011100001101111100101111000011111010
0000101101100111100001100110100100011010011001100010010011100110
0011111110100101000110010111100111100000011111011011001111001100
1101000011111111101001011011000001101100100100101101011001000100
1111001100011111001100000110100111100000000101101110011100110100
1100111001101001111101100110001001101101101100011110011101001101
0011100000010110111101001000111110111000110001100110100110000010
0101101000010111100000110011011100110010110110100110100011011100
1101110011001100110011111111001100111001011001111000011110100000
0001110111100100100100101100111011011001101111000011101100011110
1001100001100001111110000001110000111011000111000010010011100110
0110010110000001001101100000001001111001110010110001111100110100
1001100110010010110011001010110100101100110110110001101100000011
1111000100110001110001110011000110111000011111100000111000111110
0000111111100001100100101101111000001001001001001110001100000011
0111001011100011100011001101000010011111111110000110001101011010
1101001000001101100011000011100100111001100110111100110110011110
0110001100001100110110011100000111100011111001001011000100111000
0001000110101101001110001100100011101001111001101001000111001001
0110010010010111001101001001001100000110110100011100000111100110
0101100100010110110111110111000110011011001001001011001011111000
0001100011000110010010000000111111000100001100011011000110110011
0011001101001001110011001110010110100011100000101111100000001010
1100110001111010011001000111110001001111011001000110100101011001
1100000011111000001101100110000111110001001101001101001101111000
0111000011001001111000000110110001110001001101001100111001111111
0000110011100001011001100010110110110010010010111100000011001111
0000111100010000111011011000100100110011100000111110100100110110
0110011001110010110110110001000111100111110100110000000011111101
0011000000111001110000010111101100011100000101111100101100001100
1111011010010110001100111011010001110100011100110011011011100100
1110011011001011110011101100010111101001100111000110110100100110
0110110111100001110111001101111100000011110011000111001100011000
1011000110100111100000101111110011010000011011010010010110100110
0010110001111001001000110100101100110000010010011001110011000011
1011100011000110011011010011100011110010011100010000011100111000
0011011010011001111001001100011011001011000011111110010000011011
0001100111111001000110011010010110100011100011111000001111010001
1011001100111100110010011110111001001011000011011001001100110010
0100111001001100110001111001001011100100110001111011100111001100
0011001011111001001111001100101111100110001100110100110001111100
0111100100001101001100101100110000111111100000111110000111111101
1000001111001100001100001111100110100110000101110010011001100110
1101100110010110011100000110110110001110010000010101100100110000
1001011100000110011100000011010100101001110011010010111100001100
1101111000010010110100111000001100111000111110000000011001111001
1000010001111101100001101110001001100000110110110011010011100110
0001101010010110100011001111001100110110011100000011011111010000
0111100100100111100000001110011011001110001001111100001000111110
0111100011100011100100000111100100101101100111110011011000001110
0111000000011110001110100110011100000111111101001100010110100111
1100101100001011100011100001011011110000110111001101101001111100
1100000011011001100110001110100101101111101001000000111010011110
0100110000011001110101100110110110011111110010011010010001111100
1100010111110001100110011001100001111100000111001011111010011111
1001110010110001101100100110010011000001011010011010011100111001
0010010111110100000111110000001011111110000110111001100011011011
1001011011000101111100001100110011110011001100010011000110011100
1010010001110011001011001100110000000011110100100101101101101001
0000011101100001001011000111011010110001010011111001111001011010
1001000110110110110000001011000111001001001100010100110000110010
1100110000110001001100000111010110100100110100110110001101100111
1100001101100011110100000001111111001101000100100101101001110011
1100101111000111100001101110011110000000110011011001001101001111
0000111110110000111001111001011110010110110001101100000110011000
0111001111000011111011100011111001001011110010011000111000011001
1001000011100100100000111001001100001110001011110000011111100101
0011001001001111110100110000011110110100101110001101001001001011
0101100001110010110111001110110011010000111101101101000001111100
1011011010010110100001111000100100011001100011111000101111001011
1001011000110010011111001101001011001111000011110000011010010110
0111000100101100011001111001000011111111010001100111000001101100
1110001110011010000110000111100110011000011001100011001011011011
1100100001111011100011001011011000001110010010111100100110011100
1101100100111110011001101011001101001101100110010010110111001000
1110011110000011010100110110110010011110000111011001101001101110
0111111001100001011110011100000011100001011011010010000110011001
1001100010110110111100001111100100010111011000011110010011001001
0110100110011101000011111011100011100110110000100101111100101101
1110000011110011001111010001100111111110010011011001101001011110
0010000110110010010100000110001101101001011010011000111111001100
1100011100001110000111111001101101110000000101101100110100001001
1111100001011011011110001111010001100111101101011001100100110001
0010011101001101100101101000011110011001110011110000001111000110
1001111000111001001000011000011011100010001111101101001111110110
0111110011001010011110010111000111100100011011000100100111110001
0111001011001101100000011001110001111001001100011100011011001111
0000100011100111110001001010110010010111100111000110001110000111
1001001111000100110010011011000010110011111000111001011011011001
1011100000101111100110000110011100000110111100100100111000100100
1110011101000110001100011011011000100111100100011110001100110001
1010001111111001001000100111000000111110010110101001111000001111
1000101100100111110011000110001101101100110000111100101100101011
1100001111100110111100001110011111000100111010011001101001010110
1101001100111000001001111111001101000111000000111010011100110000
0111111001100000110100111110010000110000110011101111100000100100
0011100011110001101110001110000011111010000011011011001111001101
0010011011100101101001101001100001110110100101110001111100001110
0011111000110010110100100101001100000110010110110000110000011100
1011111100110100001100000111001100011000110010010111100001110110
1000110100111111000100011101100111111000100100110111000111100111
0010010011000000001111001100111001100000000111111010000011001101
1000111000001110101100110111110010110011001011011010011011000010
1111001000011010001101110001000011111110110000011001011111111100
1110000110010001111101110000000101100111000000111111100110100011
1000100101111000011011010111110010010100110110100101111011001011
0000110001111111000000011110011100011001011100110001100100111001
1001001011000110011001100101110010110001101100110111000001111101
0010000101001001100110100110111000011111100001100111000110110001
0011100110001110110110011011010001111100001101101100110010001111
0011001111001101100111100100110100100111100101101101011000110011
1111000110001101101100001100110111110000011110010000111000111100
0011100100100111001101000010000111111101000100100101101000011000
1110100011111010010000110000011011001001001001011001011100110000
0011011001100111000101111001000110110110110100001101000111011101
0001011001111000110001100111010000011100000111101110110000000100
1111001001011001000000110110110001001011101101001100110011100101
0010100100110011101001000011001100100101100011001110100101000001
0111100011001001111001001001111100011110011100000011110010110110
0101100010011000011010011100011110001100010011100100110011001010
1101101011000111001110000110100110010011100100111011011001100100
1101010011011011010010000001111101000100001111001001001101000111
0110000101111001011100100110100110011100110011110001110110100100
1011011010100111000001101100011100110001110010001100111110011010
0001111001110110110000101111001110000001111101101110000110000110
1101011110101000110100100111000001111111001100111000000111110011
0000010010010110000110110111000001001111011000111000011101000111
1001001100110110000111001111000100100100100111001110000000101111
1110111110011100100011111001101100111001100000110100110010111010
0011100100011110010110110010001100110011001100011100101100001111
1010010011100111001100111010011001100111000011001011110000110110
0001111010000001111110011001111100101111100010111100001111100100
0011111000000010111000011000111000110010000101111100110000101100
0111000011100110011001100111001101101100111100001011111011110001
0010011110100111100100100110010110011101100110001100111110010010
0011111001001100111110010110011010001101011010010001100111000110
0100100100111100010000111110110000011001110001111000000011101100
1000111111010011000110001110111110010001110110110110001101100110
0000101111110011000110010011101100110100001111111010010011101001
0011011011000001100101110000111110010010011111100100111001000110
0110010001100110001100001100111100001110001100110100011001110100
0011010010011011100010011011000111001100010111000000011110110011
0001110000110001101000110110100011011000110101101001111100110010
1100100111101000011111100110100101111000110010101111001111101000
0000001000110110000111100110110010110111111000011100110100011011
0001011100001111110010110000110101101100100111101100101100011010
0110110010010011110011000110110110111001001000110100111110000011
0100100100101111111010000001001111101111000111000111000111000111
00011100011100011100011100011100
