file=gough-lui-v90-v92-modem-sounds/FF_U/Agere-SV92-QC_R.g711
start_ms=5680.000 mode=carrier-dbpsk carrier_hz=1940.000 sym_rate=3429.000 offset_samples=0.500
symbols=2048
timing_loop=off
dbpsk_bits(2047):
00001000000000000000000000010000010000010000100000100000000000000000000000000000000010000000010000010000100000100000000000000000 00000000000000001000000000001000000000010000010000010000100000100000100000100000000000000000000010000000000000000000000000100000 10000000000000000000100000000001000001000001000010000010000010000010000100000000000100001000000000000000000000000010000010000000 00000000000000000000100000000000000100000000001000001000001000010000000000010000100000100000100000100001000001000001000000010000 00000001000010000010000000010000000000000100000100000000000000000000000000000000000000000000000000000000000100000001110111111011 11111001011100001000010011001110000100100000010000101100001000000100001001000101110000011000001001000010000100000100110001010010 00000110001010000101000010100001001010001100000000110110010100100000101000110101011001000000111000010100000000000000000000000000 00000000000000000000000000000000000000000000000000000000000000000000000000000000000000000000000000000010000000000000000000100010 00101001000100011101100100000000000000000010001000101001000110001001100110001000000000000010001000101000000110001010110010000000 00000000001000100010100000011000101101001000000000000000000000100010100010010100110101010100000000000000000000100010100110010101 11011101010100000000001010000100010000100001010000000101100000010100000011000010000000100001000000010000011000010000001101000000 00000000100000001010101100000000001110001010000100000000000010110000000001111110000001010000010000000100001000000100110000000100 00110101000000000001000011000001000000100111000000001001000100100000000000010010010100000001010000000000001001000100000101010000 00001011100001000010001100010101011100000010010000010000000000000001100010111000000010010110010000000000000101000100000001001010 00010001000010101000000100110001011100101001000000010000101010100010110001000000001000100010100101000100110100101000101110100110 1000000100000000000000000001011000100000011000000011000100100010010000000000001010000000000010100000110001000000001000001010000
dbpsk_bits_inverted(2047):
11110111111111111111111111101111101111101111011111011111111111111111111111111111111101111111101111101111011111011111111111111111 11111111111111110111111111110111111111101111101111101111011111011111011111011111111111111111111101111111111111111111111111011111 01111111111111111111011111111110111110111110111101111101111101111101111011111111111011110111111111111111111111111101111101111111 11111111111111111111011111111111111011111111110111110111110111101111111111101111011111011111011111011110111110111110111111101111 11111110111101111101111111101111111111111011111011111111111111111111111111111111111111111111111111111111111011111110001000000100 00000110100011110111101100110001111011011111101111010011110111111011110110111010001111100111110110111101111011111011001110101101 11111001110101111010111101011110110101110011111111001001101011011111010111001010100110111111000111101011111111111111111111111111 11111111111111111111111111111111111111111111111111111111111111111111111111111111111111111111111111111101111111111111111111011101 11010110111011100010011011111111111111111101110111010110111001110110011001110111111111111101110111010111111001110101001101111111 11111111110111011101011111100111010010110111111111111111111111011101011101101011001010101011111111111111111111011101011001101010 00100010101011111111110101111011101111011110101111111010011111101011111100111101111111011110111111101111100111101111110010111111 11111111011111110101010011111111110001110101111011111111111101001111111110000001111110101111101111111011110111111011001111111011 11001010111111111110111100111110111111011000111111110110111011011111111111101101101011111110101111111111110110111011111010101111 11110100011110111101110011101010100011111101101111101111111111111110011101000111111101101001101111111111111010111011111110110101 11101110111101010111111011001110100011010110111111101111010101011101001110111111110111011101011010111011001011010111010001011001 0111111011111111111111111110100111011111100111111100111011011101101111111111110101111111111101011111001110111111110111110101111
dbpsk_quadrant_imag_sign(2047):
11100011100011100011100111000101100011001111001100011110001110011100011100001100011100111001101111001111001100011110001110011100 01110000110001111111111111111111111111111111111111111111111111111111111111110011100111110011100111111111100111001111101111111111 11111011111111111111111111111111111111111111111111111111111111111111111111111111111111111111111110011100111110111111111111111011 11111111111111100111111110011111111110011100111111111111111111111111111111111111111111111111111111111111111111111111100111111111 11111111111111111111111001111111111101111111111111111111111111100111100111000111100111001111001110011111111111110011111011111101 11100110111110110111100000111100001000000000000000100001000000110100100011100110001101111111111010101110000000001111010011100101 10111111000110011010110001011000100000011010010101111000100111011010100011001010111100010110110100100011010110110110100100101101 10110110101101101101001011011010010010110110110110101101101101001011011010010010110110110100101101101111011110011010011101111101 11011101111100101111100000000000001001111011110111011101111100001100100000000000001001111111110111011101111100011100100000000000 00100111111111011101111111110001100100000000000000100111111110011101111111010011100100000000000000100110111110011101110111010011 10110000000000000010000001111011000001111111110001111111001000000100001111100011111011010000000000111000000011000001100000110011 00000001001011000000001011100100101111111001001000011101100000111000011111111110011011100000001111000001110100000000011111001000 00000000000111110000001111100000100000000011001100100110110000000011000111011011111001001100001100011100001110110000000001111100 11000011100000010010000000000001111011101000111011111101101000111000100000000011100000000001101111100001100000000001111000010011 10000110000111001000110100000000000000001000010010011111011000001111100000111000000011111001110000000100100100111100110000010000 1111011000011111001000100010010011100101111011011000000100000010111000011110000010001000010000011111100001001111111100110010000
