file=gough-lui-v90-v92-modem-sounds/FF_U/Agere-SV92-QC_R.g711
start_ms=5685.000 mode=carrier-dbpsk carrier_hz=1940.000 sym_rate=3429.000 offset_samples=0.000
symbols=2048
timing_loop=off
dbpsk_bits(2047):
00000000000000000000000000000000000000010000010000100000100000100000000000001000000000000000000000010000010000000000100000000000 10000100000100000100000100001000000000001000010000010000000000000000100000000000100000000000000000000000010000000000000000000100 00010000010000010000100000000000100001000001000001000000000010000010000010000000000000000000000001000001000000000000010000010000 00001000000000000000000000000100000100000100000000001000001000001000000000000000010000000000100000000000000100001000001000001000 00000000000000000000000010000010000010000100000000000000000000000000000000000000000010000010000001111011111101011111100011100001 00000000000001000001000000001100011000000100000010000000100010011000010010000010100001000010010100001000101000000001010101011000 10000001010010100001100100000000000000100001010110100000011010001101100000011100000100000000000000000000000000000000000000000000 00000000000000000000000000000000000000000000000000000000000000000000000000000000000000000000000000000000010001000000000110001001 00111011000100000000000001000100000000011010100101011001000100000000000001000100000000001011101101001001100000000000000001000100 01010000100110111010101110000000000000000100010101010000100110111010101010000000000000000100010100010000100110111011101010000000 00000101000000001000010000101000010010110000001011000010010000100000000000100100001000010100001000000010100000000000000100000001 01010110000000000111001100000110100000000000000000000000111111000000001000001000000001000100000010001000000010000010101000000000 00100001100010000000100101000000000100000010010000100000000100100010100000101000000000000100000010000110100100000001001100001000 01000010100100101110000000001000011000000000100000000001010100000001001001001010000000000010100010010000001101000001000000000101 00000010011010101010011100101100000000010101010001011000100000000100101001000010100011011011010100000100010011000000000000001101 0000000000101100010000001100000001100011010001000000000000000111000000001001000000011000100000000000000101100000010000000000000
dbpsk_bits_inverted(2047):
11111111111111111111111111111111111111101111101111011111011111011111111111110111111111111111111111101111101111111111011111111111 01111011111011111011111011110111111111110111101111101111111111111111011111111111011111111111111111111111101111111111111111111011 11101111101111101111011111111111011110111110111110111111111101111101111101111111111111111111111110111110111111111111101111101111 11110111111111111111111111111011111011111011111111110111110111110111111111111111101111111111011111111111111011110111110111110111 11111111111111111111111101111101111101111011111111111111111111111111111111111111111101111101111110000100000010100000011100011110 11111111111110111110111111110011100111111011111101111111011101100111101101111101011110111101101011110111010111111110101010100111 01111110101101011110011011111111111111011110101001011111100101110010011111100011111011111111111111111111111111111111111111111111 11111111111111111111111111111111111111111111111111111111111111111111111111111111111111111111111111111111101110111111111001110110 11000100111011111111111110111011111111100101011010100110111011111111111110111011111111110100010010110110011111111111111110111011 10101111011001000101010001111111111111111011101010101111011001000101010101111111111111111011101011101111011001000100010101111111 11111010111111110111101111010111101101001111110100111101101111011111111111011011110111101011110111111101011111111111111011111110 10101001111111111000110011111001011111111111111111111111000000111111110111110111111110111011111101110111111101111101010111111111 11011110011101111111011010111111111011111101101111011111111011011101011111010111111111111011111101111001011011111110110011110111 10111101011011010001111111110111100111111111011111111110101011111110110110110101111111111101011101101111110010111110111111111010 11111101100101010101100011010011111111101010101110100111011111111011010110111101011100100100101011111011101100111111111111110010 1111111111010011101111110011111110011100101110111111111111111000111111110110111111100111011111111111111010011111101111111111111
dbpsk_quadrant_imag_sign(2047):
11110011110011100011100011100011100111100001101111001110011100001110011100000111100001100011100111100001101111001110011100001111 11111111111111111111111111111111111111111111111111111111111001110001111001110011111111110111100111110111111111111111001111111111 11111111111111111111111111111111111111111111111111111111111111111111111111111111001110011111001111111111111100111111111111111100 11111111101111111111100111001111111111111111111111111111111111111111111111111111111111111111111111111001111111111111111111111111 11111100111111111110111111111111111111111111110011111001110011110011100111110111100111111111111111111111111110111101110111100110 11110001111010000000000000000010010000000000011010010001110111000100111111111111100011000000001111001001110100110110110010100011 00011001001001010011011111010011100100010011001011110001100100011100000011001110100000111011011010010110110100100101101101101001 01101101101001011011010010010110110110100101101101101001011011010010010110110110100111110011101001011111011111111001111111110001 10010000000000000100011101111111100111011110001110010000000000000110011011111111101111011000001110110000000000000100011011111111 10111011000001110111100000000000010001100111111110111011000101111110100000000000010001100111111110111011111101011110000000000000 01000000111000111100000111000000111101101100000000000111111001110101100000001000011100000001110100010010001001110000011111011000 00000111111100001111001110001111011110010000001000011111111111000111110000000111110000010000000111001111100100000010000000111111 00000111100100001000000001100110010001001100100001110011100100111100100110100010001110000011001000000000111110011000001100000010 00000010000000100101111100011000011110011010011100010000000001110000000000010011010000110000000000111110111111110011110000111000 00000010010001000011100001111111001111100000001110110000011000001001111100011111100000011110011111111001111000011110010000111110 0000011001001111000010010100100100110000000001011110001111000001000100001000000111111000100101101110001000000000111000011101110
