# V.34 Phase 3 STFT sub-sequence scores
# sym_rate=3200  fc=1829
# columns: time_s  S_score  PP_score  TRN_flat  label
0.0100  42.003  -0.087  0.003  S
0.0150  42.210  0.185  0.001  S
0.0200  42.176  0.224  0.001  S
0.0250  42.167  0.240  0.001  S
0.0300  42.208  0.226  0.001  S
0.0350  38.860  -0.003  0.011  S
0.0400  14.218  0.006  0.158  S
0.0450  4.513  0.027  0.276  T
0.0500  1.825  0.014  0.338  T
0.0550  2.020  0.065  0.533  T
0.0600  2.025  0.264  0.389  P
0.0650  2.014  0.295  0.389  P
0.0700  2.011  0.151  0.519  P
0.0750  2.076  0.266  0.398  P
0.0800  1.994  0.297  0.384  P
0.0850  1.974  0.150  0.524  P
0.0900  2.040  0.263  0.399  P
0.0950  2.029  0.300  0.394  P
0.1000  2.033  0.149  0.531  T
0.1050  2.063  0.259  0.393  P
0.1100  2.023  0.303  0.386  P
0.1150  1.934  0.152  0.517  P
0.1200  2.014  0.258  0.403  P
0.1250  2.054  0.302  0.384  P
0.1300  1.642  0.025  0.513  T
0.1350  1.746  0.091  0.335  T
0.1400  1.873  0.076  0.320  T
0.1450  1.966  -0.006  0.326  T
0.1500  1.788  -0.007  0.384  T
0.1550  3.055  -0.026  0.270  T
0.1600  2.009  0.046  0.318  T
0.1650  1.623  0.002  0.325  T
0.1700  2.262  0.023  0.383  T
0.1750  2.459  -0.042  0.437  T
0.1800  2.968  0.048  0.486  T
0.1850  1.472  -0.073  0.432  T
0.1900  3.686  0.007  0.453  T
0.1950  4.567  0.093  0.450  T
0.2000  1.812  -0.114  0.421  T
0.2050  0.935  0.021  0.346  T
0.2100  0.831  -0.042  0.338  T
0.2150  1.472  -0.075  0.318  T
0.2200  2.003  -0.005  0.353  T
0.2250  1.962  -0.008  0.371  T
0.2300  2.321  0.008  0.354  T
0.2350  2.796  -0.079  0.357  T
0.2400  2.997  -0.028  0.374  T
0.2450  2.420  -0.054  0.305  T
0.2500  1.139  0.005  0.369  T
0.2550  3.289  -0.046  0.391  T
0.2600  3.626  -0.003  0.396  T
0.2650  1.859  0.049  0.389  T
0.2700  1.771  0.033  0.423  T
0.2750  2.417  0.025  0.327  T
0.2800  5.952  0.042  0.312  T
0.2850  3.277  0.046  0.339  T
0.2900  2.418  -0.039  0.348  T
0.2950  5.997  -0.077  0.330  T
0.3000  4.118  -0.000  0.335  T
0.3050  2.235  -0.081  0.349  T
0.3100  0.889  -0.070  0.353  T
0.3150  0.568  0.033  0.270  T
0.3200  0.342  -0.081  0.279  T
0.3250  0.761  -0.007  0.343  T
0.3300  0.996  -0.066  0.356  T
0.3350  0.333  0.022  0.245  T
0.3400  2.181  -0.017  0.273  T
0.3450  3.155  0.121  0.360  T
0.3500  2.493  0.076  0.419  T
0.3550  1.192  -0.038  0.338  T
0.3600  2.495  -0.005  0.340  T
0.3650  2.135  0.087  0.361  T
0.3700  0.732  0.016  0.307  T
0.3750  1.401  0.033  0.373  T
0.3800  1.082  -0.023  0.338  T
0.3850  3.330  -0.054  0.318  T
0.3900  2.831  0.034  0.293  T
0.3950  0.524  -0.023  0.326  T
0.4000  0.095  0.061  0.400  T
0.4050  0.891  0.018  0.451  T
0.4100  1.501  -0.005  0.392  T
0.4150  0.215  -0.003  0.422  T
0.4200  0.236  0.002  0.330  T
0.4250  0.348  0.056  0.327  T
0.4300  2.547  -0.117  0.354  T
0.4350  4.232  0.010  0.315  T
0.4400  3.006  -0.035  0.303  T
0.4450  3.764  -0.054  0.371  T
0.4500  1.253  -0.073  0.424  T
0.4550  1.328  0.065  0.371  T
0.4600  2.586  -0.010  0.403  T
0.4650  2.544  0.030  0.417  T
0.4700  0.591  -0.069  0.341  T
0.4750  0.739  0.038  0.375  T
0.4800  2.345  -0.123  0.337  T
0.4850  2.007  0.019  0.327  T
0.4900  1.554  -0.058  0.423  T
0.4950  3.844  0.037  0.397  T
0.5000  2.114  0.080  0.384  T
0.5050  1.319  0.091  0.273  T
0.5100  2.425  0.003  0.300  T
0.5150  3.172  -0.038  0.364  T
0.5200  4.156  -0.028  0.420  T
0.5250  1.144  0.001  0.408  T
0.5300  1.106  0.085  0.369  T
0.5350  3.716  -0.053  0.327  T
0.5400  3.346  -0.002  0.314  T
0.5450  2.599  0.007  0.233  T
0.5500  1.054  -0.072  0.306  T
0.5550  0.598  -0.012  0.466  T
0.5600  0.606  -0.035  0.368  T
0.5650  0.810  -0.038  0.342  T
0.5700  0.398  -0.057  0.431  T
0.5750  2.074  -0.008  0.396  T
0.5800  3.934  0.123  0.318  T
0.5850  2.646  0.032  0.357  T
0.5900  0.377  -0.011  0.381  T
0.5950  0.712  0.016  0.430  T
0.6000  2.112  0.018  0.502  T
0.6050  1.432  -0.060  0.416  T
0.6100  1.770  0.072  0.295  T
0.6150  1.779  0.010  0.310  T
0.6200  0.959  0.002  0.399  T
0.6250  2.028  -0.036  0.320  T
0.6300  0.910  0.025  0.339  T
0.6350  1.549  0.118  0.382  T
0.6400  1.993  0.080  0.389  T
0.6450  2.352  0.032  0.322  T
0.6500  3.527  -0.039  0.312  T
0.6550  3.006  -0.050  0.262  T
0.6600  6.566  -0.073  0.297  T
0.6650  2.902  -0.048  0.364  T
0.6700  1.145  -0.106  0.306  T
0.6750  1.914  -0.039  0.280  T
0.6800  6.080  0.085  0.307  T
0.6850  6.231  -0.048  0.283  T
0.6900  3.260  0.077  0.296  T
0.6950  1.225  0.036  0.291  T
0.7000  1.695  -0.001  0.320  T
0.7050  2.704  -0.086  0.406  T
0.7100  1.090  -0.009  0.383  T
0.7150  0.668  0.057  0.391  T
0.7200  1.421  0.003  0.386  T
0.7250  0.850  0.036  0.446  T
0.7300  0.400  0.054  0.345  T
0.7350  0.894  0.092  0.358  T
0.7400  1.569  0.009  0.366  T
0.7450  1.655  0.004  0.315  T
0.7500  0.828  0.013  0.394  T
0.7550  0.907  -0.011  0.356  T
0.7600  1.351  -0.042  0.349  T
0.7650  3.829  0.130  0.349  T
0.7700  7.965  0.046  0.403  T
0.7750  4.198  -0.065  0.371  T
0.7800  1.559  0.033  0.356  T
0.7850  2.397  -0.013  0.330  T
0.7900  3.027  0.038  0.337  T
0.7950  1.729  0.124  0.421  T
0.8000  0.554  0.040  0.388  T
0.8050  1.161  -0.035  0.397  T
0.8100  1.445  0.106  0.344  T
0.8150  1.332  0.021  0.331  T
0.8200  3.012  0.017  0.365  T
0.8250  1.117  -0.071  0.331  T
0.8300  1.157  0.029  0.370  T
0.8350  1.604  -0.109  0.334  T
0.8400  1.678  -0.032  0.385  T
0.8450  1.300  -0.065  0.454  T
0.8500  0.578  -0.021  0.377  T
0.8550  0.609  -0.017  0.347  T
0.8600  3.025  0.042  0.288  T
0.8650  4.534  0.051  0.315  T
0.8700  1.294  -0.033  0.327  T
0.8750  0.475  0.039  0.339  T
0.8800  2.485  -0.028  0.296  T
0.8850  1.812  -0.030  0.295  T
0.8900  0.702  0.011  0.407  T
0.8950  1.503  -0.074  0.329  T
0.9000  1.637  -0.040  0.345  T
0.9050  0.962  -0.056  0.444  T
0.9100  0.287  0.002  0.356  T
0.9150  2.422  0.024  0.339  T
0.9200  4.855  -0.049  0.347  T
0.9250  1.153  -0.093  0.316  T
0.9300  0.359  -0.073  0.279  T
0.9350  2.896  -0.032  0.268  T
0.9400  4.757  -0.084  0.259  T
0.9450  4.095  -0.046  0.226  T
0.9500  2.093  0.075  0.336  T
0.9550  0.362  -0.008  0.294  T
0.9600  0.388  -0.024  0.401  T
0.9650  3.009  -0.065  0.375  T
0.9700  2.779  0.080  0.406  T
0.9750  0.909  0.003  0.372  T
0.9800  0.366  0.093  0.367  T
0.9850  0.844  -0.115  0.346  T
0.9900  2.587  0.014  0.349  T
0.9950  3.061  0.065  0.350  T
1.0000  1.038  -0.005  0.379  T
1.0050  3.284  -0.077  0.313  T
1.0100  2.517  -0.085  0.382  T
1.0150  0.673  -0.005  0.429  T
1.0200  0.857  -0.035  0.377  T
1.0250  1.266  -0.084  0.377  T
1.0300  2.171  -0.008  0.332  T
1.0350  2.880  -0.023  0.315  T
1.0400  0.945  -0.007  0.365  T
1.0450  2.179  -0.049  0.391  T
1.0500  1.290  -0.003  0.341  T
1.0550  0.207  0.005  0.333  T
1.0600  0.342  0.018  0.292  T
1.0650  1.754  0.035  0.437  T
1.0700  2.423  -0.043  0.363  T
1.0750  2.038  0.010  0.329  T
1.0800  2.575  -0.029  0.484  T
1.0850  4.888  -0.028  0.407  T
1.0900  5.594  -0.029  0.296  T
1.0950  7.355  -0.054  0.247  T
1.1000  10.099  0.019  0.292  S
1.1050  9.858  -0.022  0.276  T
1.1100  6.579  0.001  0.277  T
1.1150  2.892  0.084  0.350  T
1.1200  1.190  0.055  0.467  T
1.1250  0.372  -0.059  0.376  T
1.1300  0.788  0.005  0.324  T
1.1350  0.885  0.010  0.402  T
1.1400  1.284  0.008  0.305  T
1.1450  2.715  0.031  0.274  T
1.1500  4.188  -0.037  0.290  T
1.1550  1.975  0.060  0.292  T
1.1600  2.107  0.080  0.284  T
1.1650  0.621  -0.015  0.310  T
1.1700  1.490  -0.038  0.380  T
1.1750  1.706  0.023  0.367  T
1.1800  2.184  -0.050  0.280  T
1.1850  3.892  0.061  0.264  T
1.1900  2.552  0.052  0.333  T
1.1950  0.790  -0.042  0.341  T
1.2000  1.285  0.013  0.302  T
1.2050  1.911  0.015  0.401  T
1.2100  1.434  -0.013  0.449  T
1.2150  0.977  -0.080  0.394  T
1.2200  0.534  0.030  0.328  T
1.2250  1.931  0.011  0.297  T
1.2300  3.186  0.086  0.304  T
1.2350  2.468  -0.087  0.294  T
1.2400  1.339  0.063  0.261  T
1.2450  1.096  0.008  0.343  T
1.2500  1.186  -0.011  0.354  T
1.2550  1.775  -0.056  0.406  T
1.2600  0.991  0.047  0.380  T
1.2650  0.576  0.020  0.317  T
1.2700  1.263  0.051  0.452  T
1.2750  3.822  -0.059  0.340  T
1.2800  2.398  0.002  0.295  T
1.2850  2.490  -0.047  0.435  T
1.2900  3.946  0.067  0.371  T
1.2950  3.150  -0.070  0.462  T
1.3000  1.543  -0.074  0.295  T
1.3050  2.471  0.058  0.297  T
1.3100  1.102  -0.022  0.493  T
1.3150  1.081  0.060  0.367  T
1.3200  2.163  -0.085  0.325  T
1.3250  3.266  0.012  0.335  T
1.3300  2.255  0.012  0.355  T
1.3350  0.428  -0.058  0.346  T
1.3400  1.439  0.092  0.440  T
1.3450  0.417  -0.073  0.412  T
1.3500  2.036  0.004  0.396  T
1.3550  2.198  0.052  0.428  T
1.3600  2.181  -0.098  0.357  T
1.3650  2.192  0.028  0.382  T
1.3700  1.685  -0.035  0.397  T
1.3750  2.389  0.031  0.426  T
1.3800  3.835  0.037  0.351  T
1.3850  4.456  -0.007  0.319  T
1.3900  3.005  0.081  0.299  T
1.3950  1.612  -0.056  0.278  T
1.4000  1.064  -0.001  0.351  T
1.4050  1.818  0.051  0.407  T
1.4100  0.961  -0.018  0.357  T
1.4150  0.255  0.008  0.397  T
1.4200  2.012  -0.018  0.393  T
1.4250  3.456  0.049  0.404  T
1.4300  2.050  -0.016  0.427  T
1.4350  1.339  -0.030  0.307  T
1.4400  1.594  -0.062  0.307  T
1.4450  1.710  -0.003  0.349  T
1.4500  1.914  -0.004  0.243  T
1.4550  4.105  -0.167  0.252  T
1.4600  5.006  -0.074  0.243  T
1.4650  1.275  -0.042  0.289  T
1.4700  0.838  0.008  0.373  T
1.4750  1.322  -0.065  0.338  T
1.4800  3.616  0.079  0.424  T
1.4850  2.446  0.001  0.374  T
1.4900  0.245  0.035  0.386  T
1.4950  0.777  -0.056  0.328  T
1.5000  1.311  0.035  0.334  T
1.5050  2.532  -0.044  0.402  T
1.5100  2.448  -0.023  0.342  T
1.5150  1.621  0.087  0.364  T
1.5200  2.810  0.041  0.294  T
1.5250  4.619  -0.097  0.290  T
1.5300  4.995  -0.075  0.370  T
1.5350  2.670  -0.081  0.428  T
1.5400  0.491  -0.002  0.396  T
1.5450  0.689  -0.129  0.418  T
1.5500  1.115  -0.035  0.390  T
1.5550  2.848  -0.000  0.292  T
1.5600  3.953  0.029  0.305  T
1.5650  2.629  -0.011  0.302  T
1.5700  3.528  0.051  0.305  T
1.5750  0.754  -0.066  0.317  T
1.5800  1.130  0.041  0.407  T
1.5850  1.945  -0.072  0.370  T
1.5900  0.614  0.026  0.365  T
1.5950  1.142  -0.009  0.308  T
1.6000  2.887  -0.047  0.339  T
1.6050  0.949  -0.052  0.402  T
1.6100  1.353  -0.048  0.375  T
1.6150  2.838  -0.005  0.321  T
1.6200  2.306  0.079  0.319  T
1.6250  5.111  0.036  0.354  T
1.6300  2.581  0.056  0.404  T
1.6350  0.222  -0.049  0.423  T
1.6400  0.651  0.020  0.427  T
1.6450  1.608  -0.026  0.414  T
1.6500  1.580  -0.072  0.368  T
1.6550  5.589  0.117  0.418  T
1.6600  3.159  0.005  0.374  T
1.6650  0.735  0.100  0.272  T
1.6700  0.307  -0.032  0.326  T
1.6750  2.726  0.109  0.381  T
1.6800  2.226  0.000  0.388  T
1.6850  0.511  0.080  0.338  T
1.6900  0.740  -0.091  0.319  T
1.6950  0.825  -0.086  0.342  T
1.7000  0.362  -0.050  0.353  T
1.7050  1.821  0.051  0.366  T
1.7100  1.143  0.067  0.374  T
1.7150  1.279  -0.017  0.341  T
1.7200  0.206  -0.036  0.271  T
1.7250  1.224  -0.032  0.349  T
1.7300  1.930  -0.001  0.307  T
1.7350  1.647  0.034  0.297  T
1.7400  4.030  0.029  0.249  T
1.7450  3.757  0.079  0.288  T
1.7500  1.783  0.039  0.276  T
1.7550  1.574  0.083  0.303  T
1.7600  2.472  0.007  0.354  T
1.7650  4.943  0.102  0.365  T
1.7700  3.169  0.075  0.463  T
1.7750  1.856  0.058  0.346  T
1.7800  2.590  -0.019  0.450  T
1.7850  2.889  -0.029  0.343  T
1.7900  1.721  -0.036  0.407  T
1.7950  0.622  -0.005  0.399  T
1.8000  1.120  -0.022  0.407  T
1.8050  1.085  0.083  0.338  T
1.8100  1.418  -0.081  0.330  T
1.8150  1.506  -0.023  0.421  T
1.8200  0.327  -0.059  0.321  T
1.8250  0.880  0.102  0.332  T
1.8300  2.065  0.015  0.275  T
1.8350  0.878  0.051  0.320  T
1.8400  1.788  -0.125  0.364  T
1.8450  0.930  0.023  0.405  T
1.8500  0.710  0.068  0.404  T
1.8550  0.774  0.080  0.403  T
1.8600  2.015  -0.038  0.426  T
1.8650  1.990  -0.011  0.404  T
1.8700  0.554  0.031  0.321  T
1.8750  0.324  -0.015  0.361  T
1.8800  0.509  0.016  0.391  T
1.8850  0.789  -0.086  0.346  T
1.8900  1.417  0.052  0.297  T
1.8950  1.671  0.022  0.315  T
1.9000  1.150  0.007  0.342  T
1.9050  1.471  0.085  0.325  T
1.9100  1.028  0.094  0.327  T
1.9150  0.233  -0.043  0.301  T
1.9200  0.310  -0.058  0.309  T
1.9250  2.504  0.084  0.406  T
1.9300  3.678  0.051  0.379  T
1.9350  2.486  -0.110  0.281  T
1.9400  2.837  -0.054  0.274  T
1.9450  4.285  0.003  0.330  T
1.9500  1.467  -0.005  0.383  T
1.9550  0.358  0.136  0.278  T
1.9600  0.852  -0.042  0.264  T
1.9650  1.611  0.032  0.405  T
1.9700  2.059  0.094  0.450  T
1.9750  1.413  0.064  0.389  T
1.9800  2.263  -0.078  0.418  T
1.9850  1.957  -0.060  0.379  T
1.9900  1.738  0.004  0.358  T
1.9950  1.574  -0.002  0.364  T
2.0000  1.737  -0.064  0.378  T
2.0050  0.600  0.011  0.406  T
2.0100  0.764  -0.022  0.368  T
2.0150  3.451  -0.104  0.276  T
2.0200  2.201  -0.013  0.321  T
2.0250  2.408  -0.005  0.258  T
2.0300  5.999  -0.070  0.389  T
2.0350  3.851  0.055  0.433  T
2.0400  2.330  -0.092  0.405  T
2.0450  1.867  0.006  0.387  T
2.0500  1.994  -0.062  0.336  T
2.0550  1.991  -0.048  0.409  T
2.0600  0.707  0.024  0.409  T
2.0650  1.744  -0.071  0.306  T
2.0700  1.446  -0.029  0.344  T
2.0750  3.151  -0.015  0.293  T
2.0800  1.759  0.068  0.260  T
2.0850  0.887  0.037  0.318  T
2.0900  1.754  -0.023  0.316  T
2.0950  2.850  0.083  0.303  T
2.1000  2.540  -0.044  0.299  T
2.1050  0.681  -0.063  0.372  T
2.1100  0.839  0.155  0.422  P
2.1150  2.893  -0.025  0.342  T
2.1200  2.482  -0.036  0.315  T
2.1250  0.380  -0.021  0.285  T
2.1300  2.081  0.028  0.342  T
2.1350  3.268  0.120  0.370  T
2.1400  1.044  0.074  0.334  T
2.1450  1.567  0.000  0.418  T
2.1500  1.161  0.031  0.339  T
2.1550  2.503  -0.042  0.377  T
2.1600  1.553  -0.073  0.327  T
2.1650  3.097  -0.033  0.310  T
2.1700  2.286  -0.055  0.350  T
2.1750  1.826  0.011  0.324  T
2.1800  2.517  0.104  0.295  T
2.1850  1.376  0.039  0.290  T
2.1900  1.896  0.012  0.358  T
2.1950  1.074  0.062  0.346  T
2.2000  0.645  -0.013  0.373  T
2.2050  0.496  -0.087  0.326  T
2.2100  0.607  -0.038  0.380  T
2.2150  0.767  0.056  0.349  T
2.2200  2.054  0.033  0.322  T
2.2250  2.291  0.073  0.343  T
2.2300  3.484  0.012  0.331  T
2.2350  5.531  -0.035  0.346  T
2.2400  3.249  -0.032  0.332  T
2.2450  2.147  0.059  0.320  T
2.2500  2.599  0.106  0.381  T
2.2550  1.534  -0.075  0.345  T
2.2600  0.560  -0.077  0.370  T
2.2650  0.472  0.139  0.382  T
2.2700  0.915  -0.023  0.349  T
2.2750  0.510  -0.013  0.319  T
2.2800  0.863  -0.025  0.305  T
2.2850  0.452  0.011  0.346  T
2.2900  0.685  -0.043  0.338  T
2.2950  4.257  -0.030  0.372  T
2.3000  3.073  -0.022  0.358  T
2.3050  2.417  0.063  0.348  T
2.3100  3.382  0.064  0.285  T
2.3150  2.342  -0.024  0.438  T
2.3200  2.497  -0.006  0.338  T
2.3250  1.743  0.127  0.428  T
2.3300  1.109  0.109  0.354  T
2.3350  1.071  -0.090  0.359  T
2.3400  1.374  -0.062  0.375  T
2.3450  2.610  -0.001  0.370  T
2.3500  4.290  0.036  0.393  T
2.3550  5.958  -0.078  0.371  T
2.3600  2.465  -0.052  0.312  T
2.3650  1.374  -0.040  0.398  T
2.3700  1.199  0.030  0.368  T
2.3750  3.727  0.031  0.265  T
2.3800  3.676  0.003  0.305  T
2.3850  0.470  0.100  0.305  T
2.3900  0.909  -0.060  0.365  T
2.3950  3.882  -0.004  0.426  T
2.4000  1.586  -0.002  0.348  T
2.4050  2.021  -0.047  0.332  T
2.4100  2.135  -0.042  0.351  T
2.4150  3.548  -0.014  0.371  T
2.4200  4.360  -0.026  0.331  T
2.4250  1.907  -0.036  0.320  T
2.4300  3.696  0.072  0.353  T
2.4350  3.984  0.041  0.379  T
2.4400  0.462  0.013  0.333  T
2.4450  0.340  -0.002  0.312  T
2.4500  2.583  -0.088  0.329  T
2.4550  4.913  -0.037  0.306  T
2.4600  6.746  0.013  0.342  T
2.4650  3.292  0.061  0.388  T
2.4700  0.614  -0.053  0.404  T
2.4750  0.549  0.007  0.402  T
2.4800  1.326  0.033  0.317  T
2.4850  2.630  -0.043  0.345  T
2.4900  3.187  -0.018  0.358  T
2.4950  4.768  0.023  0.393  T
2.5000  5.487  -0.011  0.379  T
2.5050  4.151  0.077  0.357  T
2.5100  2.040  0.111  0.273  T
2.5150  1.321  -0.118  0.318  T
2.5200  1.925  -0.034  0.377  T
2.5250  0.683  -0.008  0.388  T
2.5300  1.091  0.043  0.321  T
2.5350  2.880  -0.119  0.309  T
2.5400  3.942  -0.026  0.312  T
2.5450  5.587  0.073  0.322  T
2.5500  5.639  0.046  0.326  T
2.5550  4.135  0.037  0.380  T
2.5600  3.241  0.051  0.358  T
2.5650  3.469  0.010  0.357  T
2.5700  2.202  -0.020  0.346  T
2.5750  0.679  0.029  0.297  T
2.5800  1.240  -0.036  0.347  T
2.5850  2.489  0.034  0.268  T
2.5900  4.871  -0.015  0.299  T
2.5950  6.651  -0.013  0.300  T
2.6000  7.126  -0.078  0.342  T
2.6050  3.701  -0.049  0.393  T
2.6100  3.226  -0.075  0.455  T
2.6150  2.189  -0.007  0.418  T
2.6200  0.374  0.004  0.334  T
2.6250  0.258  -0.067  0.330  T
2.6300  2.462  -0.062  0.358  T
2.6350  3.203  0.028  0.519  T
2.6400  1.644  -0.023  0.386  T
2.6450  3.391  -0.017  0.338  T
2.6500  4.328  -0.021  0.394  T
2.6550  3.798  0.061  0.429  T
2.6600  3.043  0.032  0.354  T
2.6650  2.109  0.006  0.351  T
2.6700  1.463  -0.050  0.311  T
2.6750  2.205  -0.018  0.314  T
2.6800  6.494  -0.029  0.307  T
2.6850  2.905  0.031  0.382  T
2.6900  0.587  0.060  0.358  T
2.6950  0.954  0.020  0.377  T
2.7000  1.483  0.019  0.353  T
2.7050  0.923  -0.005  0.400  T
2.7100  0.551  -0.044  0.363  T
2.7150  2.781  0.007  0.303  T
2.7200  0.858  0.041  0.359  T
2.7250  1.679  0.022  0.278  T
2.7300  2.785  0.005  0.306  T
2.7350  3.520  0.007  0.388  T
2.7400  2.001  0.016  0.434  T
2.7450  1.692  -0.073  0.444  T
2.7500  3.777  0.042  0.353  T
2.7550  3.609  -0.040  0.367  T
2.7600  5.064  0.053  0.387  T
2.7650  4.686  0.017  0.257  T
2.7700  5.001  0.033  0.273  T
2.7750  1.961  -0.093  0.316  T
2.7800  0.223  0.051  0.306  T
2.7850  1.455  0.043  0.354  T
2.7900  5.886  0.103  0.303  T
2.7950  6.884  -0.016  0.306  T
2.8000  2.443  -0.077  0.518  T
2.8050  2.708  -0.047  0.413  T
2.8100  4.919  -0.061  0.441  T
2.8150  3.530  0.013  0.311  T
2.8200  2.092  -0.031  0.287  T
2.8250  1.589  0.111  0.315  T
2.8300  1.296  -0.005  0.290  T
2.8350  1.562  0.013  0.276  T
2.8400  3.073  -0.016  0.332  T
2.8450  1.968  -0.017  0.439  T
2.8500  0.840  -0.014  0.374  T
2.8550  1.485  -0.067  0.434  T
2.8600  1.148  0.052  0.321  T
2.8650  0.733  0.048  0.306  T
2.8700  1.548  0.076  0.349  T
2.8750  1.457  -0.032  0.345  T
2.8800  1.767  0.047  0.329  T
2.8850  2.260  0.054  0.402  T
2.8900  0.581  -0.033  0.266  T
2.8950  1.565  0.073  0.315  T
2.9000  0.651  0.063  0.276  T
2.9050  3.756  -0.029  0.279  T
2.9100  3.649  -0.034  0.306  T
2.9150  1.337  0.050  0.397  T
2.9200  2.747  -0.049  0.397  T
2.9250  3.682  -0.085  0.341  T
2.9300  1.698  0.039  0.310  T
2.9350  3.669  -0.066  0.365  T
2.9400  5.397  0.128  0.310  T
2.9450  1.095  -0.007  0.373  T
2.9500  0.708  -0.030  0.286  T
2.9550  1.510  0.032  0.363  T
2.9600  1.057  -0.049  0.316  T
2.9650  0.289  -0.023  0.338  T
2.9700  1.594  0.107  0.483  T
2.9750  1.674  0.013  0.416  T
2.9800  2.581  -0.052  0.406  T
2.9850  3.189  0.058  0.303  T
2.9900  2.056  -0.042  0.340  T
2.9950  1.541  0.078  0.372  T
3.0000  2.966  -0.011  0.359  T
3.0050  1.891  0.021  0.309  T
3.0100  0.789  -0.053  0.327  T
3.0150  0.673  -0.025  0.337  T
3.0200  1.230  0.016  0.349  T
3.0250  1.502  -0.051  0.346  T
3.0300  1.934  -0.000  0.368  T
3.0350  2.774  -0.010  0.351  T
3.0400  0.979  -0.024  0.370  T
3.0450  2.219  0.095  0.386  T
3.0500  3.009  -0.038  0.336  T
3.0550  1.112  -0.085  0.301  T
3.0600  1.728  0.060  0.411  T
3.0650  2.027  -0.041  0.334  T
3.0700  1.209  -0.052  0.417  T
3.0750  5.637  0.101  0.293  T
3.0800  6.225  -0.018  0.311  T
3.0850  0.471  -0.011  0.365  T
3.0900  0.702  0.008  0.424  T
3.0950  1.614  -0.041  0.372  T
3.1000  1.569  0.061  0.383  T
3.1050  1.266  -0.105  0.355  T
3.1100  1.740  0.045  0.390  T
3.1150  1.853  0.065  0.398  T
3.1200  3.321  0.023  0.309  T
3.1250  1.874  0.055  0.322  T
3.1300  0.172  0.066  0.324  T
3.1350  0.821  0.045  0.302  T
3.1400  1.126  0.043  0.326  T
3.1450  0.486  0.041  0.321  T
3.1500  0.255  -0.025  0.321  T
3.1550  1.352  0.038  0.384  T
3.1600  3.231  -0.009  0.317  T
3.1650  1.324  0.095  0.339  T
3.1700  0.801  0.042  0.399  T
3.1750  2.551  0.072  0.356  T
3.1800  1.134  -0.060  0.324  T
3.1850  0.312  -0.034  0.370  T
3.1900  1.062  -0.011  0.393  T
3.1950  4.162  -0.004  0.402  T
3.2000  4.610  0.074  0.365  T
3.2050  4.745  0.028  0.300  T
3.2100  7.021  0.087  0.291  T
3.2150  6.625  0.030  0.318  T
3.2200  4.429  0.157  0.355  P
3.2250  3.451  -0.018  0.296  T
3.2300  5.224  -0.048  0.288  T
3.2350  2.361  -0.073  0.286  T
3.2400  1.763  0.027  0.325  T
3.2450  2.342  0.116  0.365  T
3.2500  1.715  -0.076  0.351  T
3.2550  1.369  -0.071  0.363  T
3.2600  3.327  -0.006  0.355  T
3.2650  4.295  0.008  0.377  T
3.2700  0.729  -0.008  0.372  T
3.2750  0.734  -0.010  0.411  T
3.2800  0.889  0.038  0.397  T
3.2850  1.214  -0.022  0.318  T
3.2900  2.573  0.063  0.336  T
3.2950  1.538  0.036  0.323  T
3.3000  1.193  0.034  0.341  T
3.3050  1.363  -0.093  0.349  T
3.3100  1.312  0.044  0.337  T
3.3150  2.331  0.010  0.400  T
3.3200  2.010  0.033  0.358  T
3.3250  0.727  0.035  0.358  T
3.3300  0.677  0.004  0.324  T
3.3350  0.692  0.068  0.254  T
3.3400  0.898  -0.013  0.279  T
3.3450  2.115  -0.054  0.327  T
3.3500  1.789  0.027  0.374  T
3.3550  0.909  0.017  0.361  T
3.3600  1.715  0.013  0.363  T
3.3650  1.130  -0.020  0.396  T
3.3700  0.526  0.037  0.412  T
3.3750  0.489  0.112  0.357  T
3.3800  2.072  -0.075  0.370  T
3.3850  3.593  -0.080  0.339  T
3.3900  2.753  0.063  0.364  T
3.3950  1.119  -0.066  0.357  T
3.4000  0.153  -0.029  0.328  T
3.4050  1.206  0.036  0.447  T
3.4100  2.950  0.052  0.425  T
3.4150  2.922  0.099  0.386  T
3.4200  3.060  0.054  0.412  T
3.4250  3.155  -0.037  0.340  T
3.4300  5.803  0.056  0.350  T
3.4350  5.375  -0.061  0.310  T
3.4400  3.447  -0.025  0.384  T
3.4450  2.427  -0.007  0.390  T
3.4500  1.227  0.054  0.467  T
3.4550  0.915  0.093  0.382  T
3.4600  0.487  0.054  0.364  T
3.4650  0.724  0.001  0.378  T
3.4700  5.445  0.040  0.332  T
3.4750  4.897  0.067  0.367  T
3.4800  0.507  0.008  0.351  T
3.4850  3.961  -0.039  0.285  T
3.4900  3.869  -0.021  0.215  T
3.4950  1.288  -0.017  0.218  T
3.5000  2.309  -0.052  0.252  T
3.5050  3.517  -0.042  0.301  T
3.5100  1.696  -0.028  0.390  T
3.5150  0.923  -0.015  0.443  T
3.5200  0.321  0.050  0.408  T
3.5250  0.615  0.003  0.390  T
3.5300  1.351  -0.027  0.344  T
3.5350  1.384  0.003  0.352  T
3.5400  2.601  -0.049  0.409  T
3.5450  2.712  0.016  0.392  T
3.5500  2.569  0.093  0.399  T
3.5550  2.176  0.070  0.371  T
3.5600  3.129  0.003  0.375  T
3.5650  1.023  -0.080  0.332  T
3.5700  0.578  -0.039  0.346  T
3.5750  1.034  0.072  0.361  T
3.5800  2.102  0.041  0.360  T
3.5850  1.541  -0.003  0.336  T
3.5900  0.617  -0.016  0.350  T
3.5950  1.212  0.027  0.242  T
3.6000  3.015  -0.053  0.294  T
3.6050  2.394  -0.082  0.374  T
3.6100  1.830  0.033  0.274  T
3.6150  1.649  -0.053  0.477  T
3.6200  3.204  -0.027  0.419  T
3.6250  1.828  -0.025  0.379  T
3.6300  0.699  0.004  0.344  T
3.6350  1.126  0.048  0.342  T
3.6400  0.792  0.057  0.387  T
3.6450  2.283  0.024  0.364  T
3.6500  3.898  0.072  0.353  T
3.6550  4.590  0.073  0.329  T
3.6600  1.836  0.146  0.347  T
3.6650  0.909  0.009  0.294  T
3.6700  0.739  -0.066  0.328  T
3.6750  0.811  -0.036  0.379  T
3.6800  1.383  -0.027  0.318  T
3.6850  2.725  -0.057  0.329  T
3.6900  1.666  -0.004  0.327  T
3.6950  1.448  0.028  0.343  T
3.7000  1.235  0.001  0.357  T
3.7050  0.706  0.061  0.349  T
3.7100  0.470  0.077  0.347  T
3.7150  2.095  -0.060  0.319  T
3.7200  4.439  -0.109  0.339  T
3.7250  2.478  0.004  0.341  T
3.7300  1.350  0.060  0.253  T
3.7350  3.205  -0.051  0.324  T
3.7400  2.525  -0.067  0.270  T
3.7450  3.532  -0.025  0.298  T
3.7500  3.706  0.085  0.329  T
3.7550  1.921  -0.007  0.364  T
3.7600  2.228  -0.062  0.338  T
3.7650  1.158  0.085  0.469  T
3.7700  0.251  0.023  0.385  T
3.7750  0.139  -0.102  0.391  T
3.7800  0.286  -0.008  0.320  T
3.7850  0.551  -0.053  0.342  T
3.7900  0.598  -0.132  0.389  T
