file=gough-lui-v90-v92-modem-sounds/xircom-creditcardlan-v90.wav
start_ms=11180.000 mode=carrier-qpsk carrier_hz=1800.000 sym_rate=3000.000 offset_samples=0.500
symbols=1024
nat_bits(2046):
0011100010000000000010000100111001000000001110001011010000001000
0100001000000000001110001000000000001000101111100100000000111000
1000000000001000010011100100000000111000101101000000100001000010
0000000000111000100000000000100010111110010000000011100010000000
0000100001001110010000000011100010110100000010000100001000000000
0011100010000000000010001011111001000000001110001000000000001000
0100111001000000001110001011010000001000010000100000000000111000
1000000000001000101111100100000000111000100000000000100001001110
0100000000111000101101000000100001000010000000000011100010000000
0000100010111110010000000011100010000000000010000100111001000000
0011100010110100000010000100001000000000001110001000000000001000
1011111001000000001110001000000000001000010011100100000000111000
1011010000001000010000100000000000111000100000000000100010111110
0100000000111000100000000000100001001110010000000011100010110100
0000100001000010000000000011100010000000000010001011111001000000
0011100010000000000010000100111001000000001110001011010000001000
0100001000000000001110001000000000001000101111100100000000111000
1000000000001000010011100100000000111000101101000000100001000010
0000000000111000100000000000100010111110010000000011100010000000
0000100001001110010000000011100010110100000010000100001000000000
0011100010000000000010001011111001000000001110001000000000001000
0100111001000000001110001011010000001000010000100000000000111000
1000000000001000101111100100000000111000100000000000100001001110
0100000000111000101101000000100001000010000000000011100010000000
0000100010111110010000000011100010000000000010000100111001000000
0011100010110100000010000100001000000000001110001000000000001000
1011111001000000001110001000000000001000010011100100000000111000
1011010000001000010000100000000000111000100000000000100010111110
0100000000111000100000000000100001001110010000000011100010110100
0000100001000010000000000011100010000000000010001011111001000000
0011100010000000000010000100111001000000001110001011010000001000
01000010000000000011100010000000000010001011111001000000001110
gray_bits(2046):
0010110011000000000011000100101101000000001011001110010000001100
0100001100000000001011001100000000001100111010110100000000101100
1100000000001100010010110100000000101100111001000000110001000011
0000000000101100110000000000110011101011010000000010110011000000
0000110001001011010000000010110011100100000011000100001100000000
0010110011000000000011001110101101000000001011001100000000001100
0100101101000000001011001110010000001100010000110000000000101100
1100000000001100111010110100000000101100110000000000110001001011
0100000000101100111001000000110001000011000000000010110011000000
0000110011101011010000000010110011000000000011000100101101000000
0010110011100100000011000100001100000000001011001100000000001100
1110101101000000001011001100000000001100010010110100000000101100
1110010000001100010000110000000000101100110000000000110011101011
0100000000101100110000000000110001001011010000000010110011100100
0000110001000011000000000010110011000000000011001110101101000000
0010110011000000000011000100101101000000001011001110010000001100
0100001100000000001011001100000000001100111010110100000000101100
1100000000001100010010110100000000101100111001000000110001000011
0000000000101100110000000000110011101011010000000010110011000000
0000110001001011010000000010110011100100000011000100001100000000
0010110011000000000011001110101101000000001011001100000000001100
0100101101000000001011001110010000001100010000110000000000101100
1100000000001100111010110100000000101100110000000000110001001011
0100000000101100111001000000110001000011000000000010110011000000
0000110011101011010000000010110011000000000011000100101101000000
0010110011100100000011000100001100000000001011001100000000001100
1110101101000000001011001100000000001100010010110100000000101100
1110010000001100010000110000000000101100110000000000110011101011
0100000000101100110000000000110001001011010000000010110011100100
0000110001000011000000000010110011000000000011001110101101000000
0010110011000000000011000100101101000000001011001110010000001100
01000011000000000010110011000000000011001110101101000000001011
nat_bits_inverted(2046):
1100011101111111111101111011000110111111110001110100101111110111
1011110111111111110001110111111111110111010000011011111111000111
0111111111110111101100011011111111000111010010111111011110111101
1111111111000111011111111111011101000001101111111100011101111111
1111011110110001101111111100011101001011111101111011110111111111
1100011101111111111101110100000110111111110001110111111111110111
1011000110111111110001110100101111110111101111011111111111000111
0111111111110111010000011011111111000111011111111111011110110001
1011111111000111010010111111011110111101111111111100011101111111
1111011101000001101111111100011101111111111101111011000110111111
1100011101001011111101111011110111111111110001110111111111110111
0100000110111111110001110111111111110111101100011011111111000111
0100101111110111101111011111111111000111011111111111011101000001
1011111111000111011111111111011110110001101111111100011101001011
1111011110111101111111111100011101111111111101110100000110111111
1100011101111111111101111011000110111111110001110100101111110111
1011110111111111110001110111111111110111010000011011111111000111
0111111111110111101100011011111111000111010010111111011110111101
1111111111000111011111111111011101000001101111111100011101111111
1111011110110001101111111100011101001011111101111011110111111111
1100011101111111111101110100000110111111110001110111111111110111
1011000110111111110001110100101111110111101111011111111111000111
0111111111110111010000011011111111000111011111111111011110110001
1011111111000111010010111111011110111101111111111100011101111111
1111011101000001101111111100011101111111111101111011000110111111
1100011101001011111101111011110111111111110001110111111111110111
0100000110111111110001110111111111110111101100011011111111000111
0100101111110111101111011111111111000111011111111111011101000001
1011111111000111011111111111011110110001101111111100011101001011
1111011110111101111111111100011101111111111101110100000110111111
1100011101111111111101111011000110111111110001110100101111110111
10111101111111111100011101111111111101110100000110111111110001
gray_bits_inverted(2046):
1101001100111111111100111011010010111111110100110001101111110011
1011110011111111110100110011111111110011000101001011111111010011
0011111111110011101101001011111111010011000110111111001110111100
1111111111010011001111111111001100010100101111111101001100111111
1111001110110100101111111101001100011011111100111011110011111111
1101001100111111111100110001010010111111110100110011111111110011
1011010010111111110100110001101111110011101111001111111111010011
0011111111110011000101001011111111010011001111111111001110110100
1011111111010011000110111111001110111100111111111101001100111111
1111001100010100101111111101001100111111111100111011010010111111
1101001100011011111100111011110011111111110100110011111111110011
0001010010111111110100110011111111110011101101001011111111010011
0001101111110011101111001111111111010011001111111111001100010100
1011111111010011001111111111001110110100101111111101001100011011
1111001110111100111111111101001100111111111100110001010010111111
1101001100111111111100111011010010111111110100110001101111110011
1011110011111111110100110011111111110011000101001011111111010011
0011111111110011101101001011111111010011000110111111001110111100
1111111111010011001111111111001100010100101111111101001100111111
1111001110110100101111111101001100011011111100111011110011111111
1101001100111111111100110001010010111111110100110011111111110011
1011010010111111110100110001101111110011101111001111111111010011
0011111111110011000101001011111111010011001111111111001110110100
1011111111010011000110111111001110111100111111111101001100111111
1111001100010100101111111101001100111111111100111011010010111111
1101001100011011111100111011110011111111110100110011111111110011
0001010010111111110100110011111111110011101101001011111111010011
0001101111110011101111001111111111010011001111111111001100010100
1011111111010011001111111111001110110100101111111101001100011011
1111001110111100111111111101001100111111111100110001010010111111
1101001100111111111100111011010010111111110100110001101111110011
10111100111111111101001100111111111100110001010010111111110100
