file=gough-lui-v90-v92-modem-sounds/xircom-creditcardlan-v90.wav
start_ms=12100.000 mode=carrier-qpsk carrier_hz=1800.000 sym_rate=3000.000 offset_samples=0.000
symbols=1024
nat_bits(2046):
1001110111011001110111011010010111101001110111010110110100101001
1110100111101000101010101010100010001010101001110000110011011010
1100010111101110100110101010101101111010100111100110100111101001
1010011010100110101010101010101001001010101010011100100000111010
1010101010101110101011111011111110100100111001011110101011011110
1010111010110011101011110111011010111010101010011010111001101010
1010110110110111001010100111011110110111101010101010101011101010
1010101010101110110111101011011001110110101001101001011010011101
1110101010011110101010101011100110101001101010011111011101110101
1010101001000001111000101001101010100110011010100101010001110111
1001111010110100011110101001111110101010110111011011011100110111
1101111101010111011010101010101010100110011010101001101001101011
1010100110101111111010101111101010101000011010101101111011011110
0110010110101001100110101010011101100010101010101111010001101010
1010001110011110101010101010101010101000100110101110011010100010
1010101110101110101010101010101010011010111110101001101001101010
1010101010101010101010101001100001101010101001111011011011011010
1011001100001101111111011101101010110110101001111110101010100111
0110101001100110111011011010101010011100011011011101101101101010
1010100111101010101010101010101010101010101011011001101010011010
1010101001001101001011101010100110110110101010011010101010101010
1010100111011110101001110110100110110010010110011110101001101101
1010011100101011101000000110101010101010101010111010010111100111
0011011101011110000001101100001010101010000010101011010010001101
1110101010101111001010101010100111011011101010011110011101100110
1010111111101001111001110111011011000110011010011010101101101010
0010111010101010110111011010010101101010101010010111111101100101
1010110110111011011001101010100101101010101010011010100110110001
1011101010101010101010110100000110101010101011001001101011101010
1010100010101011011111100111010110100111000110100111011101010001
0100001110100010011100011101101101110110101000101001101110100101
01011110101010001000011110011010100110101010100111011010101101
gray_bits(2046):
1101100110011101100110011111010110111101100110010111100100111101
1011110110111100111111111111110011001111111101100000100010011111
1000010110111011110111111111111001101111110110110111110110111101
1111011111110111111111111111111101001111111111011000110000101111
1111111111111011111110101110101011110100101101011011111110011011
1111101111100010111110100110011111101111111111011111101101111111
1111100111100110001111110110011011100110111111111111111110111111
1111111111111011100110111110011101100111111101111101011111011001
1011111111011011111111111110110111111101111111011010011001100101
1111111101000001101100111101111111110111011111110101010001100110
1101101111100100011011111101101011111111100110011110011000100110
1001101001010110011111111111111111110111011111111101111101111110
1111110111111010101111111010111111111100011111111001101110011011
0111010111111101110111111111011001110011111111111010010001111111
1111001011011011111111111111111111111100110111111011011111110011
1111111011111011111111111111111111011111101011111101111101111111
1111111111111111111111111101110001111111111101101110011110011111
1110001000001001101010011001111111100111111101101011111111110110
0111111101110111101110011111111111011000011110011001111001111111
1111110110111111111111111111111111111111111110011101111111011111
1111111101001001001110111111110111100111111111011111111111111111
1111110110011011111101100111110111100011010111011011111101111001
1111011000111110111100000111111111111111111111101111010110110110
0010011001011011000001111000001111111111000011111110010011001001
1011111111111010001111111111110110011110111111011011011001110111
1111101010111101101101100110011110000111011111011111111001111111
0011101111111111100110011111010101111111111111010110101001110101
1111100111101110011101111111110101111111111111011111110111100001
1110111111111111111111100100000111111111111110001101111110111111
1111110011111110011010110110010111110110000111110110011001010001
0100001011110011011000011001111001100111111100111101111011110101
01011011111111001100011011011111110111111111110110011111111001
nat_bits_inverted(2046):
0110001000100110001000100101101000010110001000101001001011010110
0001011000010111010101010101011101110101010110001111001100100101
0011101000010001011001010101010010000101011000011001011000010110
0101100101011001010101010101010110110101010101100011011111000101
0101010101010001010100000100000001011011000110100001010100100001
0101000101001100010100001000100101000101010101100101000110010101
0101001001001000110101011000100001001000010101010101010100010101
0101010101010001001000010100100110001001010110010110100101100010
0001010101100001010101010100011001010110010101100000100010001010
0101010110111110000111010110010101011001100101011010101110001000
0110000101001011100001010110000001010101001000100100100011001000
0010000010101000100101010101010101011001100101010110010110010100
0101011001010000000101010000010101010111100101010010000100100001
1001101001010110011001010101100010011101010101010000101110010101
0101110001100001010101010101010101010111011001010001100101011101
0101010001010001010101010101010101100101000001010110010110010101
0101010101010101010101010110011110010101010110000100100100100101
0100110011110010000000100010010101001001010110000001010101011000
1001010110011001000100100101010101100011100100100010010010010101
0101011000010101010101010101010101010101010100100110010101100101
0101010110110010110100010101011001001001010101100101010101010101
0101011000100001010110001001011001001101101001100001010110010010
0101100011010100010111111001010101010101010101000101101000011000
1100100010100001111110010011110101010101111101010100101101110010
0001010101010000110101010101011000100100010101100001100010011001
0101000000010110000110001000100100111001100101100101010010010101
1101000101010101001000100101101010010101010101101000000010011010
0101001001000100100110010101011010010101010101100101011001001110
0100010101010101010101001011111001010101010100110110010100010101
0101011101010100100000011000101001011000111001011000100010101110
1011110001011101100011100010010010001001010111010110010001011010
10100001010101110111100001100101011001010101011000100101010010
gray_bits_inverted(2046):
0010011001100010011001100000101001000010011001101000011011000010
0100001001000011000000000000001100110000000010011111011101100000
0111101001000100001000000000000110010000001001001000001001000010
0000100000001000000000000000000010110000000000100111001111010000
0000000000000100000001010001010100001011010010100100000001100100
0000010000011101000001011001100000010000000000100000010010000000
0000011000011001110000001001100100011001000000000000000001000000
0000000000000100011001000001100010011000000010000010100000100110
0100000000100100000000000001001000000010000000100101100110011010
0000000010111110010011000010000000001000100000001010101110011001
0010010000011011100100000010010100000000011001100001100111011001
0110010110101001100000000000000000001000100000000010000010000001
0000001000000101010000000101000000000011100000000110010001100100
1000101000000010001000000000100110001100000000000101101110000000
0000110100100100000000000000000000000011001000000100100000001100
0000000100000100000000000000000000100000010100000010000010000000
0000000000000000000000000010001110000000000010010001100001100000
0001110111110110010101100110000000011000000010010100000000001001
1000000010001000010001100000000000100111100001100110000110000000
0000001001000000000000000000000000000000000001100010000000100000
0000000010110110110001000000001000011000000000100000000000000000
0000001001100100000010011000001000011100101000100100000010000110
0000100111000001000011111000000000000000000000010000101001001001
1101100110100100111110000111110000000000111100000001101100110110
0100000000000101110000000000001001100001000000100100100110001000
0000010101000010010010011001100001111000100000100000000110000000
1100010000000000011001100000101010000000000000101001010110001010
0000011000010001100010000000001010000000000000100000001000011110
0001000000000000000000011011111000000000000001110010000001000000
0000001100000001100101001001101000001001111000001001100110101110
1011110100001100100111100110000110011000000011000010000100001010
10100100000000110011100100100000001000000000001001100000000110
