file=gough-lui-v90-v92-modem-sounds/xircom-creditcardlan-v90.wav
start_ms=11920.000 mode=carrier-qpsk carrier_hz=1800.000 sym_rate=3000.000 offset_samples=0.250
symbols=1024
nat_bits(2046):
1111110011011111001111111100111111110011111111001111111100110111
1100110111110011111111001111111100111111110011111111001111111100
1111111100111111110011111111001111111100111111110011111111001111
1111001111111100111111110011111111001111111100111111110011111111
0011111111001111111100111111110011111111001111111100111111110011
1111110011111111001111111100111111110011111111001111111100111111
1100111111110011111111001111111100111111110011111111001111111100
1101111100110111110011111111001111111100111111110011011111001101
1111001111111100111111110011011111001101111100111111110011011111
0011111111001101111100110111110011111111001111111100110111110011
0111110011111111001111111100110111110011011111001101111100111111
1100110111110011011111001101111100110111110011011111001101111100
1101111100110111110011011111001111111100110111110011111111001111
1111001111111100110111110011111111001101111100111111110011011111
0011111111001111111100111111110011011111001111111100111111110011
0111110011011111001101111100110111110011111101001111110010011010
0110011001101001100110100110011010011010011001100110100110011010
0110011010011001101001101001100110011010011010011001101001100110
1001100110011010011001101001101001101000110110011010011001100110
1001101001100110011010010111011001100110100110100110011010011001
1010011001100110100110100110011001101010010110100110011010011001
1010011001101001101001100110011010011010011001101001100110011010
0110100110011001101001100110100110100110011010010111010110100110
0110100110100110011010010111011001100110011010011010011001100110
1001100110100110011010011010011001101001100110100110011010011001
1001101001101001100110100110011001101001101001100110011010011001
1010011010011001100110100110100110011010011001100110100110011010
0110100110011010011001100110100110011010011010011001101001100110
0110100110011010011010011010011001100110100110011010011001101001
1001100110100110011010011010011001100110011010011010011001101001
1001101001100110100110100110011001101001100110100110011010011001
10100110011010011010011001101001100110011001101001101001101001
gray_bits(2046):
1010100010011010001010101000101010100010101010001010101000100110
1000100110100010101010001010101000101010100010101010001010101000
1010101000101010100010101010001010101000101010100010101010001010
1010001010101000101010100010101010001010101000101010100010101010
0010101010001010101000101010100010101010001010101000101010100010
1010100010101010001010101000101010100010101010001010101000101010
1000101010100010101010001010101000101010100010101010001010101000
1001101000100110100010101010001010101000101010100010011010001001
1010001010101000101010100010011010001001101000101010100010011010
0010101010001001101000100110100010101010001010101000100110100010
0110100010101010001010101000100110100010011010001001101000101010
1000100110100010011010001001101000100110100010011010001001101000
1001101000100110100010011010001010101000100110100010101010001010
1010001010101000100110100010101010001001101000101010100010011010
0010101010001010101000101010100010011010001010101000101010100010
0110100010011010001001101000100110100010101001001010100011011111
0111011101111101110111110111011111011111011101110111110111011111
0111011111011101111101111101110111011111011111011101111101110111
1101110111011111011101111101111101111100100111011111011101110111
1101111101110111011111010110011101110111110111110111011111011101
1111011101110111110111110111011101111111010111110111011111011101
1111011101111101111101110111011111011111011101111101110111011111
0111110111011101111101110111110111110111011111010110010111110111
0111110111110111011111010110011101110111011111011111011101110111
1101110111110111011111011111011101111101110111110111011111011101
1101111101111101110111110111011101111101111101110111011111011101
1111011111011101110111110111110111011111011101110111110111011111
0111110111011111011101110111110111011111011111011101111101110111
0111110111011111011111011111011101110111110111011111011101111101
1101110111110111011111011111011101110111011111011111011101111101
1101111101110111110111110111011101111101110111110111011111011101
11110111011111011111011101111101110111011101111101111101111101
nat_bits_inverted(2046):
0000001100100000110000000011000000001100000000110000000011001000
0011001000001100000000110000000011000000001100000000110000000011
0000000011000000001100000000110000000011000000001100000000110000
0000110000000011000000001100000000110000000011000000001100000000
1100000000110000000011000000001100000000110000000011000000001100
0000001100000000110000000011000000001100000000110000000011000000
0011000000001100000000110000000011000000001100000000110000000011
0010000011001000001100000000110000000011000000001100100000110010
0000110000000011000000001100100000110010000011000000001100100000
1100000000110010000011001000001100000000110000000011001000001100
1000001100000000110000000011001000001100100000110010000011000000
0011001000001100100000110010000011001000001100100000110010000011
0010000011001000001100100000110000000011001000001100000000110000
0000110000000011001000001100000000110010000011000000001100100000
1100000000110000000011000000001100100000110000000011000000001100
1000001100100000110010000011001000001100000010110000001101100101
1001100110010110011001011001100101100101100110011001011001100101
1001100101100110010110010110011001100101100101100110010110011001
0110011001100101100110010110010110010111001001100101100110011001
0110010110011001100101101000100110011001011001011001100101100110
0101100110011001011001011001100110010101101001011001100101100110
0101100110010110010110011001100101100101100110010110011001100101
1001011001100110010110011001011001011001100101101000101001011001
1001011001011001100101101000100110011001100101100101100110011001
0110011001011001100101100101100110010110011001011001100101100110
0110010110010110011001011001100110010110010110011001100101100110
0101100101100110011001011001011001100101100110011001011001100101
1001011001100101100110011001011001100101100101100110010110011001
1001011001100101100101100101100110011001011001100101100110010110
0110011001011001100101100101100110011001100101100101100110010110
0110010110011001011001011001100110010110011001011001100101100110
01011001100101100101100110010110011001100110010110010110010110
gray_bits_inverted(2046):
0101011101100101110101010111010101011101010101110101010111011001
0111011001011101010101110101010111010101011101010101110101010111
0101010111010101011101010101110101010111010101011101010101110101
0101110101010111010101011101010101110101010111010101011101010101
1101010101110101010111010101011101010101110101010111010101011101
0101011101010101110101010111010101011101010101110101010111010101
0111010101011101010101110101010111010101011101010101110101010111
0110010111011001011101010101110101010111010101011101100101110110
0101110101010111010101011101100101110110010111010101011101100101
1101010101110110010111011001011101010101110101010111011001011101
1001011101010101110101010111011001011101100101110110010111010101
0111011001011101100101110110010111011001011101100101110110010111
0110010111011001011101100101110101010111011001011101010101110101
0101110101010111011001011101010101110110010111010101011101100101
1101010101110101010111010101011101100101110101010111010101011101
1001011101100101110110010111011001011101010110110101011100100000
1000100010000010001000001000100000100000100010001000001000100000
1000100000100010000010000010001000100000100000100010000010001000
0010001000100000100010000010000010000011011000100000100010001000
0010000010001000100000101001100010001000001000001000100000100010
0000100010001000001000001000100010000000101000001000100000100010
0000100010000010000010001000100000100000100010000010001000100000
1000001000100010000010001000001000001000100000101001101000001000
1000001000001000100000101001100010001000100000100000100010001000
0010001000001000100000100000100010000010001000001000100000100010
0010000010000010001000001000100010000010000010001000100000100010
0000100000100010001000001000001000100000100010001000001000100000
1000001000100000100010001000001000100000100000100010000010001000
1000001000100000100000100000100010001000001000100000100010000010
0010001000001000100000100000100010001000100000100000100010000010
0010000010001000001000001000100010000010001000001000100000100010
00001000100000100000100010000010001000100010000010000010000010
