start_ms=12203.000000
slip_symbols=-3
start_sym=6609
symbols=256
mag_ratio=1.369053
sym_evm=0.831612
diff_evm=1.009335
origin_frac=0.273438
quad_balance=0.023438
diff_balance=0.781250
i_mean=+0.002025
q_mean=-0.000472
idx	I	Q	mag	phase_deg	diff_phase_deg
6609	-0.085904	-0.145730	0.169165	-120.518	-30.385
6610	-0.073348	+0.006012	0.073594	+175.314	-64.168
6611	-0.128384	+0.139442	0.189543	+132.636	-42.678
6612	-0.116782	+0.218124	0.247419	+118.164	-14.472
6613	+0.087560	+0.096651	0.130415	+47.825	-70.339
6614	+0.209619	+0.015687	0.210205	+4.280	-43.546
6615	+0.181241	-0.023694	0.182784	-7.448	-11.728
6616	-0.037825	-0.054432	0.066284	-124.795	-117.347
6617	-0.074813	-0.132988	0.152587	-119.360	+5.435
6618	-0.146457	-0.074619	0.164371	-153.001	-33.641
6619	-0.014492	+0.077538	0.078880	+100.587	-106.412
6620	-0.000196	+0.147231	0.147231	+90.076	-10.510
6621	+0.021791	+0.005990	0.022599	+15.371	-74.705
6622	-0.004789	-0.142571	0.142652	-91.924	-107.295
6623	-0.034291	-0.052826	0.062980	-122.989	-31.065
6624	-0.052000	+0.104677	0.116882	+116.416	-120.594
6625	-0.063824	+0.178994	0.190033	+109.625	-6.792
6626	-0.022712	+0.140425	0.142250	+99.187	-10.437
6627	+0.193109	+0.158987	0.250136	+39.465	-59.723
6628	+0.310007	+0.102422	0.326488	+18.283	-21.182
6629	+0.177545	+0.015722	0.178239	+5.060	-13.222
6630	+0.045389	-0.100256	0.110051	-65.642	-70.703
6631	+0.077373	-0.123948	0.146115	-58.026	+7.616
6632	+0.119497	-0.243328	0.271087	-63.845	-5.819
6633	-0.126038	-0.162169	0.205388	-127.855	-64.010
6634	-0.238599	-0.120883	0.267474	-153.131	-25.277
6635	-0.146166	-0.089877	0.171587	-148.413	+4.719
6636	-0.022725	-0.094323	0.097022	-103.546	+44.867
6637	-0.039140	+0.095360	0.103080	+112.316	-144.139
6638	+0.008767	+0.273575	0.273716	+88.165	-24.151
6639	+0.215509	+0.175766	0.278096	+39.200	-48.964
6640	+0.286161	+0.078069	0.296619	+15.260	-23.940
6641	+0.305724	+0.169082	0.349365	+28.945	+13.685
6642	+0.259594	+0.209344	0.333487	+38.884	+9.939
6643	+0.169547	-0.086358	0.190273	-26.992	-65.876
6644	-0.046926	-0.314120	0.317606	-98.497	-71.505
6645	-0.191780	-0.404601	0.447752	-115.361	-16.864
6646	-0.304024	-0.438323	0.533439	-124.746	-9.385
6647	-0.564226	-0.670207	0.876087	-130.093	-5.347
6648	-0.457249	-0.707540	0.842430	-122.873	+7.220
6649	+0.222251	-0.109630	0.247819	-26.256	+96.617
6650	-0.027637	+0.322907	0.324087	+94.892	+121.148
6651	+0.172047	+0.738058	0.757845	+76.878	-18.014
6652	-0.367232	+0.794026	0.874835	+114.820	+37.942
6653	-0.102288	+0.380628	0.394132	+105.042	-9.778
6654	-0.226938	+0.153681	0.274078	+145.894	+40.852
6655	-0.047203	+0.079128	0.092138	+120.817	-25.077
6656	+0.021585	-0.066878	0.070275	-72.113	+167.070
6657	+0.102969	-0.022151	0.105325	-12.140	+59.972
6658	+0.216894	-0.074966	0.229483	-19.067	-6.927
6659	+0.162689	+0.065204	0.175269	+21.841	+40.907
6660	+0.203255	+0.009046	0.203457	+2.548	-19.292
6661	+0.110383	+0.217651	0.244042	+63.108	+60.560
6662	-0.189207	+0.139950	0.235340	+143.511	+80.403
6663	-0.218661	-0.294139	0.366511	-126.627	+89.862
6664	+0.194271	-0.314914	0.370017	-58.329	+68.297
6665	+0.114062	-0.177841	0.211276	-57.325	+1.004
6666	+0.466889	-0.321498	0.566874	-34.551	+22.774
6667	+0.714101	+0.400569	0.818777	+29.290	+63.841
6668	-0.127076	+0.814740	0.824590	+98.865	+69.575
6669	-0.559591	+0.211630	0.598272	+159.284	+60.419
6670	-0.522828	+0.082410	0.529283	+171.043	+11.758
6671	-0.839532	-0.339018	0.905399	-158.010	+30.947
6672	-0.128286	-1.079667	1.087261	-96.776	+61.234
6673	+0.677118	-0.690557	0.967139	-45.563	+51.213
6674	+0.649869	-0.016163	0.650070	-1.425	+44.138
6675	+0.606346	+0.028092	0.606997	+2.653	+4.077
6676	+0.564998	+0.737674	0.929186	+52.551	+49.898
6677	-0.427673	+0.909604	1.005129	+115.182	+62.631
6678	-0.785889	+0.052875	0.787665	+176.151	+60.969
6679	-0.445992	-0.202084	0.489639	-155.624	+28.225
6680	-0.341707	-0.368847	0.502803	-132.813	+22.812
6681	+0.140291	-0.530277	0.548521	-75.181	+57.631
6682	+0.365240	+0.052880	0.369048	+8.238	+83.419
6683	-0.047375	+0.036522	0.059819	+142.371	+134.133
6684	+0.189805	-0.088512	0.209429	-25.001	-167.372
6685	+0.006126	+0.113140	0.113305	+86.901	+111.902
6686	+0.071567	-0.307045	0.315276	-76.880	-163.780
6687	+0.654885	+0.114525	0.664823	+9.919	+86.799
6688	+0.005889	+0.801951	0.801972	+89.579	+79.660
6689	-0.501441	+0.385666	0.632599	+142.436	+52.856
6690	-0.417817	+0.201961	0.464068	+154.202	+11.767
6691	-0.855470	-0.062622	0.857759	-175.813	+29.984
6692	-0.308555	-1.027910	1.073222	-106.709	+69.105
6693	+0.575649	-0.726219	0.926697	-51.597	+55.111
6694	+0.622778	-0.091661	0.629487	-8.373	+43.225
6695	+0.590929	-0.008795	0.590994	-0.853	+7.520
6696	+0.763334	+0.518278	0.922654	+34.175	+35.028
6697	-0.154131	+0.987821	0.999774	+98.868	+64.693
6698	-0.716749	+0.224227	0.751004	+162.628	+63.760
6699	-0.435689	-0.182004	0.472176	-157.328	+40.044
6700	-0.340342	-0.328589	0.473079	-136.007	+21.321
6701	+0.112274	-0.596871	0.607339	-79.347	+56.660
6702	+0.442001	+0.012903	0.442189	+1.672	+81.019
6703	+0.050539	+0.139434	0.148310	+70.077	+68.405
6704	+0.107921	+0.098595	0.146177	+42.414	-27.662
6705	-0.044474	+0.213217	0.217806	+101.782	+59.368
6706	-0.179769	+0.021681	0.181072	+173.123	+71.341
6707	-0.079124	-0.070688	0.106101	-138.223	+48.654
6708	-0.072674	-0.107341	0.129629	-124.100	+14.124
6709	+0.068977	-0.087672	0.111554	-51.805	+72.294
6710	-0.040862	-0.074953	0.085367	-118.598	-66.792
6711	+0.291636	-0.306552	0.423114	-46.428	+72.169
6712	+0.518324	+0.383888	0.645003	+36.525	+82.953
6713	-0.265067	+0.550738	0.611206	+115.701	+79.176
6714	-0.404933	+0.009249	0.405039	+178.692	+62.990
6715	-0.358557	-0.073162	0.365945	-168.467	+12.841
6716	-0.183249	-0.457799	0.493112	-111.815	+56.652
6717	+0.307452	-0.293680	0.425177	-43.688	+68.128
6718	+0.185469	+0.068545	0.197730	+20.283	+63.971
6719	+0.118474	+0.004916	0.118576	+2.376	-17.907
6720	+0.117171	+0.152266	0.192130	+52.421	+50.045
6721	-0.085812	+0.164161	0.185236	+117.597	+65.176
6722	-0.080188	-0.006967	0.080490	-175.034	+67.368
6723	+0.005854	+0.030435	0.030993	+79.113	-105.853
6724	-0.024087	+0.022593	0.033025	+136.834	+57.721
6725	-0.022408	+0.039664	0.045556	+119.464	-17.370
6726	-0.079573	-0.064350	0.102337	-141.038	+99.499
6727	+0.035767	-0.085756	0.092916	-67.360	+73.678
6728	+0.047765	-0.045095	0.065689	-43.353	+24.007
6729	+0.038151	+0.044934	0.058946	+49.668	+93.021
6730	-0.052825	-0.008032	0.053432	-171.354	+138.978
6731	+0.003131	-0.042526	0.042642	-85.789	+85.565
6732	+0.042421	-0.013475	0.044510	-17.622	+68.167
6733	+0.043093	+0.067974	0.080482	+57.627	+75.249
6734	-0.032022	+0.045976	0.056029	+124.857	+67.230
6735	-0.044743	-0.000635	0.044747	-179.187	+55.956
6736	+0.023873	-0.066967	0.071095	-70.379	+108.808
6737	+0.041398	+0.035458	0.054508	+40.581	+110.960
6738	-0.059428	+0.011340	0.060500	+169.197	+128.616
6739	-0.040678	+0.000324	0.040680	+179.544	+10.348
6740	-0.041456	-0.058566	0.071754	-125.293	+55.163
6741	+0.077244	-0.017732	0.079253	-12.929	+112.364
6742	+0.015147	+0.060664	0.062527	+75.980	+88.909
6743	-0.000622	+0.039160	0.039165	+90.909	+14.929
6744	-0.055943	-0.023682	0.060749	-157.056	+112.035
6745	+0.054167	-0.044621	0.070179	-39.481	+117.575
6746	+0.044298	+0.025283	0.051005	+29.716	+69.197
6747	-0.007260	+0.041726	0.042353	+99.870	+70.154
6748	-0.058882	-0.001304	0.058896	-178.731	+81.399
6749	+0.002007	-0.054040	0.054077	-87.873	+90.859
6750	+0.048771	-0.001489	0.048793	-1.749	+86.124
6751	+0.019767	+0.064748	0.067698	+73.023	+74.772
6752	-0.052546	+0.016490	0.055073	+162.577	+89.554
6753	+0.012161	-0.061383	0.062576	-78.794	+118.629
6754	+0.019615	-0.028147	0.034308	-55.128	+23.666
6755	+0.064827	+0.012662	0.066052	+11.052	+66.180
6756	-0.060650	+0.051135	0.079330	+139.865	+128.813
6757	-0.037689	-0.052534	0.064655	-125.656	+94.478
6758	-0.012851	-0.039677	0.041706	-107.946	+17.710
6759	+0.063751	-0.006636	0.064096	-5.943	+102.003
6760	-0.014482	+0.069966	0.071449	+101.694	+107.637
6761	-0.048355	+0.007661	0.048958	+170.997	+69.303
6762	-0.028581	-0.029740	0.041247	-133.861	+55.142
6763	+0.054949	-0.037603	0.066584	-34.385	+99.476
6764	+0.031554	+0.035564	0.047544	+48.419	+82.803
6765	-0.012652	+0.035677	0.037853	+109.526	+61.107
6766	-0.072158	-0.027453	0.077204	-159.171	+91.304
6767	+0.031762	-0.056219	0.064571	-60.535	+98.636
6768	+0.020045	+0.053153	0.056807	+69.338	+129.873
6769	+0.008205	+0.034103	0.035077	+76.472	+7.134
6770	-0.045141	+0.041909	0.061596	+137.126	+60.654
6771	-0.003853	-0.077316	0.077412	-92.853	+130.021
6772	+0.075269	-0.002681	0.075317	-2.040	+90.813
6773	+0.042439	+0.008222	0.043228	+10.964	+13.004
6774	-0.019433	+0.069286	0.071960	+105.668	+94.704
6775	-0.054373	-0.045112	0.070651	-140.318	+114.014
6776	+0.015615	-0.036526	0.039724	-66.853	+73.465
6777	+0.025643	+0.007241	0.026646	+15.769	+82.622
6778	-0.016281	+0.049855	0.052446	+108.086	+92.317
6779	-0.062592	-0.014212	0.064185	-167.208	+84.707
6780	-0.004916	-0.070351	0.070522	-93.998	+73.210
6781	+0.073489	-0.047579	0.087547	-32.920	+61.077
6782	+0.038638	+0.029337	0.048514	+37.209	+70.129
6783	-0.028356	-0.030040	0.041309	-133.349	-170.558
6784	+0.004737	-0.018553	0.019148	-75.677	+57.672
6785	+0.047334	-0.056553	0.073748	-50.071	+25.606
6786	+0.084003	+0.115440	0.142769	+53.958	+104.028
6787	-0.019074	+0.088303	0.090340	+102.189	+48.231
6788	-0.062264	+0.165227	0.176569	+110.648	+8.460
6789	-0.152355	-0.014720	0.153064	-174.482	+74.870
6790	-0.034193	+0.042932	0.054885	+128.535	-56.983
6791	-0.348276	+0.052891	0.352270	+171.365	+42.829
6792	-0.363272	-0.599200	0.700720	-121.227	+67.408
6793	+0.539835	-0.614007	0.817574	-48.678	+72.549
6794	+0.579017	+0.121821	0.591694	+11.881	+60.559
6795	+0.407970	+0.249039	0.477975	+31.401	+19.520
6796	+0.310354	+0.773491	0.833431	+68.138	+36.736
6797	-0.630995	+0.855107	1.062715	+126.424	+58.287
6798	-0.908803	-0.165617	0.923770	-169.672	+63.904
6799	-0.313498	-0.512796	0.601033	-121.440	+48.232
6800	-0.195794	-0.560970	0.594157	-109.240	+12.199
6801	+0.302905	-0.833130	0.886486	-70.020	+39.220
6802	+1.003400	-0.073137	1.006062	-4.169	+65.851
6803	+0.487123	+0.612973	0.782958	+51.526	+55.695
6804	+0.016455	+0.451314	0.451614	+87.912	+36.386
6805	-0.163269	+0.447794	0.476631	+110.032	+22.120
6806	-0.552787	+0.108190	0.563275	+168.926	+58.894
6807	-0.281745	-0.387599	0.479179	-126.013	+65.060
6808	+0.078896	-0.145592	0.165595	-61.547	+64.466
6809	-0.044406	-0.139930	0.146807	-107.607	-46.060
6810	+0.200824	-0.076005	0.214726	-20.730	+86.877
6811	+0.107466	+0.112121	0.155306	+46.214	+66.944
6812	+0.027181	+0.131099	0.133887	+78.287	+32.072
6813	-0.026682	+0.116516	0.119532	+102.898	+24.612
6814	-0.090575	-0.000211	0.090575	-179.866	+77.235
6815	-0.016990	+0.077611	0.079449	+102.348	-77.785
6816	-0.402240	-0.048745	0.405182	-173.090	+84.561
6817	+0.064651	-0.654279	0.657466	-84.357	+88.733
6818	+0.611351	-0.001642	0.611353	-0.154	+84.203
6819	+0.249710	+0.326863	0.411333	+52.622	+52.776
6820	+0.120647	+0.335872	0.356884	+70.241	+17.620
6821	-0.240199	+0.441821	0.502893	+118.531	+48.290
6822	-0.417834	-0.110619	0.432229	-165.172	+76.297
6823	-0.034310	-0.187628	0.190739	-100.363	+64.809
6824	-0.080734	-0.097605	0.126668	-129.596	-29.233
6825	+0.004949	-0.196290	0.196352	-88.556	+41.040
6826	+0.176776	-0.009637	0.177038	-3.120	+85.435
6827	-0.000098	+0.053254	0.053255	+90.105	+93.226
6828	+0.035580	-0.042449	0.055388	-50.030	-140.136
6829	+0.028274	-0.010133	0.030034	-19.716	+30.314
6830	+0.079923	-0.021260	0.082702	-14.896	+4.820
6831	+0.044418	+0.101051	0.110382	+66.272	+81.168
6832	-0.041523	+0.043791	0.060348	+133.477	+67.205
6833	-0.010612	+0.034819	0.036400	+106.951	-26.526
6834	+0.033756	-0.021679	0.040118	-32.710	-139.661
6835	+0.063689	+0.125658	0.140876	+63.122	+95.832
6836	-0.077651	+0.074409	0.107546	+136.221	+73.099
6837	-0.071870	+0.068629	0.099374	+136.321	+0.100
6838	-0.192209	-0.019998	0.193247	-174.060	+49.619
6839	-0.039770	-0.132466	0.138307	-106.711	+67.349
6840	-0.105102	+0.004693	0.105207	+177.443	-75.845
6841	-0.243189	-0.355607	0.430810	-124.367	+58.189
6842	+0.424361	-0.532133	0.680623	-51.429	+72.938
6843	+0.617511	+0.234628	0.660583	+20.805	+72.233
6844	+0.067637	+0.391066	0.396872	+80.187	+59.383
6845	-0.007656	+0.363679	0.363760	+91.206	+11.019
6846	-0.433621	+0.198387	0.476849	+155.415	+64.209
6847	-0.207934	-0.258774	0.331965	-128.783	+75.802
6848	+0.083604	-0.021832	0.086408	-14.635	+114.148
6849	-0.131057	+0.020204	0.132606	+171.236	-174.129
6850	+0.040203	-0.079851	0.089400	-63.276	+125.488
6851	-0.202461	+0.259227	0.328921	+127.991	-168.733
6852	-0.548193	-0.443796	0.705316	-141.008	+91.002
6853	+0.365839	-0.688496	0.779657	-62.016	+78.992
6854	+0.537345	-0.004655	0.537365	-0.496	+61.519
6855	+0.453226	+0.018452	0.453601	+2.331	+2.828
6856	+0.544058	+0.565994	0.785079	+46.132	+43.801
6857	-0.317889	+0.915445	0.969068	+109.150	+63.018
6858	-0.811274	+0.049502	0.812783	+176.508	+67.359
6859	-0.412751	-0.238860	0.476883	-149.942	+33.550
6860	-0.303153	-0.423078	0.520477	-125.623	+24.319
6861	+0.191489	-0.557849	0.589800	-71.055	+54.569
6862	+0.474570	-0.038733	0.476148	-4.666	+66.389
6863	+0.131505	+0.142000	0.193539	+47.197	+51.863
6864	+0.135891	+0.009728	0.136238	+4.095	-43.103
