file=gough-lui-v90-v92-modem-sounds/xircom-creditcardlan-v90.wav
start_ms=12100.000 mode=carrier-qpsk carrier_hz=1800.000 sym_rate=3000.000 offset_samples=0.000
symbols=1024
nat_bits(2046):
1001110111011001110111011010010111101001110111010110110100101001
1110100111101000101010101010100010001010101001110000110011011010
1100010111101110100110101010101101111010100111100110100111101001
1010011010100110101010101010101001001010101010011100100000111010
1010101010101110101011111011111110100100111001011110101011011110
1010111010110011101011110111011010111010101010011010111001101010
1010110110110111001010100111011110110111101010101010101011101010
1010101010101110110111101011011001110110101001101001011010011101
1110101010011110101010101011100110101001101010011111011101110101
1010101001000001111000101001101010100110011010100101010001110111
1001111010110100011110101001111110101010110111011011011100110111
1101111101010111011010101010101010100110011010101001101001101011
1010100110101111111010101111101010101000011010101101111011011110
0110010110101001100110101010011101100010101010101111010001101010
1010001110011110101010101010101010101000100110101110011010100010
1010101110101110101010101010101010011010111110101001101001101010
1010101010101010101010101001100001101010101001111011011011011010
1011001100001101111111011101101010110110101001111110101010100111
0110101001100110111011011010101010011100011011011101101101101010
1010100111101010101010101010101010101010101011011001101010011010
1010101001001101001011101010100110110110101010011010101010101010
1010100111011110101001110110100110110010010110011110101001101101
1010011100101011101000000110101010101010101010111010010111100111
0011011101011110000001101100001010101010000010101011010010001101
1110101010101111001010101010100111011011101010011110011101100110
1010111111101001111001110111011011000110011010011010101101101010
0010111010101010110111011010010101101010101010010111111101100101
1010110110111011011001101010100101101010101010011010100110110001
1011101010101010101010110100000110101010101011001001101011101010
1010100010101011011111100111010110100111000110100111011101010001
0100001110100010011100011101101101110110101000101001101110100101
01011110101010001000011110011010100110101010100111011010101101
gray_bits(2046):
1101100110011101100110011111010110111101100110010111100100111101
1011110110111100111111111111110011001111111101100000100010011111
1000010110111011110111111111111001101111110110110111110110111101
1111011111110111111111111111111101001111111111011000110000101111
1111111111111011111110101110101011110100101101011011111110011011
1111101111100010111110100110011111101111111111011111101101111111
1111100111100110001111110110011011100110111111111111111110111111
1111111111111011100110111110011101100111111101111101011111011001
1011111111011011111111111110110111111101111111011010011001100101
1111111101000001101100111101111111110111011111110101010001100110
1101101111100100011011111101101011111111100110011110011000100110
1001101001010110011111111111111111110111011111111101111101111110
1111110111111010101111111010111111111100011111111001101110011011
0111010111111101110111111111011001110011111111111010010001111111
1111001011011011111111111111111111111100110111111011011111110011
1111111011111011111111111111111111011111101011111101111101111111
1111111111111111111111111101110001111111111101101110011110011111
1110001000001001101010011001111111100111111101101011111111110110
0111111101110111101110011111111111011000011110011001111001111111
1111110110111111111111111111111111111111111110011101111111011111
1111111101001001001110111111110111100111111111011111111111111111
1111110110011011111101100111110111100011010111011011111101111001
1111011000111110111100000111111111111111111111101111010110110110
0010011001011011000001111000001111111111000011111110010011001001
1011111111111010001111111111110110011110111111011011011001110111
1111101010111101101101100110011110000111011111011111111001111111
0011101111111111100110011111010101111111111111010110101001110101
1111100111101110011101111111110101111111111111011111110111100001
1110111111111111111111100100000111111111111110001101111110111111
1111110011111110011010110110010111110110000111110110011001010001
0100001011110011011000011001111001100111111100111101111011110101
01011011111111001100011011011111110111111111110110011111111001
nat_bits_inverted(2046):
0110001000100110001000100101101000010110001000101001001011010110
0001011000010111010101010101011101110101010110001111001100100101
0011101000010001011001010101010010000101011000011001011000010110
0101100101011001010101010101010110110101010101100011011111000101
0101010101010001010100000100000001011011000110100001010100100001
0101000101001100010100001000100101000101010101100101000110010101
0101001001001000110101011000100001001000010101010101010100010101
0101010101010001001000010100100110001001010110010110100101100010
0001010101100001010101010100011001010110010101100000100010001010
0101010110111110000111010110010101011001100101011010101110001000
0110000101001011100001010110000001010101001000100100100011001000
0010000010101000100101010101010101011001100101010110010110010100
0101011001010000000101010000010101010111100101010010000100100001
1001101001010110011001010101100010011101010101010000101110010101
0101110001100001010101010101010101010111011001010001100101011101
0101010001010001010101010101010101100101000001010110010110010101
0101010101010101010101010110011110010101010110000100100100100101
0100110011110010000000100010010101001001010110000001010101011000
1001010110011001000100100101010101100011100100100010010010010101
0101011000010101010101010101010101010101010100100110010101100101
0101010110110010110100010101011001001001010101100101010101010101
0101011000100001010110001001011001001101101001100001010110010010
0101100011010100010111111001010101010101010101000101101000011000
1100100010100001111110010011110101010101111101010100101101110010
0001010101010000110101010101011000100100010101100001100010011001
0101000000010110000110001000100100111001100101100101010010010101
1101000101010101001000100101101010010101010101101000000010011010
0101001001000100100110010101011010010101010101100101011001001110
0100010101010101010101001011111001010101010100110110010100010101
0101011101010100100000011000101001011000111001011000100010101110
1011110001011101100011100010010010001001010111010110010001011010
10100001010101110111100001100101011001010101011000100101010010
gray_bits_inverted(2046):
0010011001100010011001100000101001000010011001101000011011000010
0100001001000011000000000000001100110000000010011111011101100000
0111101001000100001000000000000110010000001001001000001001000010
0000100000001000000000000000000010110000000000100111001111010000
0000000000000100000001010001010100001011010010100100000001100100
0000010000011101000001011001100000010000000000100000010010000000
0000011000011001110000001001100100011001000000000000000001000000
0000000000000100011001000001100010011000000010000010100000100110
0100000000100100000000000001001000000010000000100101100110011010
0000000010111110010011000010000000001000100000001010101110011001
0010010000011011100100000010010100000000011001100001100111011001
0110010110101001100000000000000000001000100000000010000010000001
0000001000000101010000000101000000000011100000000110010001100100
1000101000000010001000000000100110001100000000000101101110000000
0000110100100100000000000000000000000011001000000100100000001100
0000000100000100000000000000000000100000010100000010000010000000
0000000000000000000000000010001110000000000010010001100001100000
0001110111110110010101100110000000011000000010010100000000001001
1000000010001000010001100000000000100111100001100110000110000000
0000001001000000000000000000000000000000000001100010000000100000
0000000010110110110001000000001000011000000000100000000000000000
0000001001100100000010011000001000011100101000100100000010000110
0000100111000001000011111000000000000000000000010000101001001001
1101100110100100111110000111110000000000111100000001101100110110
0100000000000101110000000000001001100001000000100100100110001000
0000010101000010010010011001100001111000100000100000000110000000
1100010000000000011001100000101010000000000000101001010110001010
0000011000010001100010000000001010000000000000100000001000011110
0001000000000000000000011011111000000000000001110010000001000000
0000001100000001100101001001101000001001111000001001100110101110
1011110100001100100111100110000110011000000011000010000100001010
10100100000000110011100100100000001000000000001001100000000110
nat_rev_bits(2046):
1011011101111011011101111010111101101011011101111110011100101011
0110101101101000101010101010100010001010101011010000010001111010
0100111101100110101110101010100111011010101101101110101101101011
1010111010101110101010101010101011001010101010110100100000011010
1010101010100110101001011001010110101100011011110110101001110110
1010011010010001101001011101111010011010101010111010011011101010
1010011110011101001010101101110110011101101010101010101001101010
1010101010100110011101101001111011011110101011101011111010110111
0110101010110110101010101001101110101011101010110101110111011111
1010101011000011011000101011101010101110111010101111110011011101
1011011010011100110110101011010110101010011101111001110100011101
0111010111111101111010101010101010101110111010101011101011101001
1010101110100101011010100101101010101000111010100111011001110110
1110111110101011101110101010110111100010101010100101110011101010
1010000110110110101010101010101010101000101110100110111010100010
1010100110100110101010101010101010111010010110101011101011101010
1010101010101010101010101011100011101010101011011001111001111010
1001000100000111010101110111101010011110101011010110101010101101
1110101011101110011001111010101010110100111001110111100111101010
1010101101101010101010101010101010101010101001111011101010111010
1010101011000111001001101010101110011110101010111010101010101010
1010101101110110101011011110101110010010111110110110101011100111
1010110100101001101000001110101010101010101010011010111101101101
0001110111110110000011100100001010101010000010101001110010000111
0110101010100101001010101010101101111001101010110110110111101110
1010010101101011011011011101111001001110111010111010100111101010
0010011010101010011101111010111111101010101010111101010111101111
1010011110011001111011101010101111101010101010111010101110010011
1001101010101010101010011100001110101010101001001011101001101010
1010100010101001110101101101111110101101001110101101110111110011
1100000110100010110100110111100111011110101000101011100110101111
11110110101010001000110110111010101110101010101101111010100111
gray_rev_bits(2046):
1110011001101110011001101111101001111110011001101011011000111110
0111111001111100111111111111110011001111111110010000010001101111
0100101001110111111011111111110110011111111001111011111001111110
1111101111111011111111111111111110001111111111100100110000011111
1111111111110111111101011101010111111000011110100111111101100111
1111011111010001111101011001101111011111111111101111011110111111
1111011011011001001111111001100111011001111111111111111101111111
1111111111110111011001111101101110011011111110111110101111100110
0111111111100111111111111101111011111110111111100101100110011010
1111111110000010011100111110111111111011101111111010100010011001
1110011111011000100111111110010111111111011001101101100100011001
0110010110101001101111111111111111111011101111111110111110111101
1111111011110101011111110101111111111100101111110110011101100111
1011101011111110111011111111100110110011111111110101100010111111
1111000111100111111111111111111111111100111011110111101111110011
1111110111110111111111111111111111101111010111111110111110111111
1111111111111111111111111110110010111111111110011101101101101111
1101000100000110010101100110111111011011111110010111111111111001
1011111110111011011101101111111111100100101101100110110110111111
1111111001111111111111111111111111111111111101101110111111101111
1111111110000110001101111111111011011011111111101111111111111111
1111111001100111111110011011111011010011101011100111111110110110
1111100100111101111100001011111111111111111111011111101001111001
0001100110100111000010110100001111111111000011111101100011000110
0111111111110101001111111111111001101101111111100111100110111011
1111010101111110011110011001101101001011101111101111110110111111
0011011111111111011001101111101010111111111111101001010110111010
1111011011011101101110111111111010111111111111101111111011010010
1101111111111111111111011000001011111111111101001110111101111111
1111110011111101100101111001101011111001001011111001100110100010
1000000111110011100100100110110110011011111100111110110111111010
10100111111111001100100111101111111011111111111001101111110110
nat_rev_inv_bits(2046):
0100100010000100100010000101000010010100100010000001100011010100
1001010010010111010101010101011101110101010100101111101110000101
1011000010011001010001010101011000100101010010010001010010010100
0101000101010001010101010101010100110101010101001011011111100101
0101010101011001010110100110101001010011100100001001010110001001
0101100101101110010110100010000101100101010101000101100100010101
0101100001100010110101010010001001100010010101010101010110010101
0101010101011001100010010110000100100001010100010100000101001000
1001010101001001010101010110010001010100010101001010001000100000
0101010100111100100111010100010101010001000101010000001100100010
0100100101100011001001010100101001010101100010000110001011100010
1000101000000010000101010101010101010001000101010100010100010110
0101010001011010100101011010010101010111000101011000100110001001
0001000001010100010001010101001000011101010101011010001100010101
0101111001001001010101010101010101010111010001011001000101011101
0101011001011001010101010101010101000101101001010100010100010101
0101010101010101010101010100011100010101010100100110000110000101
0110111011111000101010001000010101100001010100101001010101010010
0001010100010001100110000101010101001011000110001000011000010101
0101010010010101010101010101010101010101010110000100010101000101
0101010100111000110110010101010001100001010101000101010101010101
0101010010001001010100100001010001101101000001001001010100011000
0101001011010110010111110001010101010101010101100101000010010010
1110001000001001111100011011110101010101111101010110001101111000
1001010101011010110101010101010010000110010101001001001000010001
0101101010010100100100100010000110110001000101000101011000010101
1101100101010101100010000101000000010101010101000010101000010000
0101100001100110000100010101010000010101010101000101010001101100
0110010101010101010101100011110001010101010110110100010110010101
0101011101010110001010010010000001010010110001010010001000001100
0011111001011101001011001000011000100001010111010100011001010000
00001001010101110111001001000101010001010101010010000101011000
gray_rev_inv_bits(2046):
0001100110010001100110010000010110000001100110010100100111000001
1000000110000011000000000000001100110000000001101111101110010000
1011010110001000000100000000001001100000000110000100000110000001
0000010000000100000000000000000001110000000000011011001111100000
0000000000001000000010100010101000000111100001011000000010011000
0000100000101110000010100110010000100000000000010000100001000000
0000100100100110110000000110011000100110000000000000000010000000
0000000000001000100110000010010001100100000001000001010000011001
1000000000011000000000000010000100000001000000011010011001100101
0000000001111101100011000001000000000100010000000101011101100110
0001100000100111011000000001101000000000100110010010011011100110
1001101001010110010000000000000000000100010000000001000001000010
0000000100001010100000001010000000000011010000001001100010011000
0100010100000001000100000000011001001100000000001010011101000000
0000111000011000000000000000000000000011000100001000010000001100
0000001000001000000000000000000000010000101000000001000001000000
0000000000000000000000000001001101000000000001100010010010010000
0010111011111001101010011001000000100100000001101000000000000110
0100000001000100100010010000000000011011010010011001001001000000
0000000110000000000000000000000000000000000010010001000000010000
0000000001111001110010000000000100100100000000010000000000000000
0000000110011000000001100100000100101100010100011000000001001001
0000011011000010000011110100000000000000000000100000010110000110
1110011001011000111101001011110000000000111100000010011100111001
1000000000001010110000000000000110010010000000011000011001000100
0000101010000001100001100110010010110100010000010000001001000000
1100100000000000100110010000010101000000000000010110101001000101
0000100100100010010001000000000101000000000000010000000100101101
0010000000000000000000100111110100000000000010110001000010000000
0000001100000010011010000110010100000110110100000110011001011101
0111111000001100011011011001001001100100000011000001001000000101
01011000000000110011011000010000000100000000000110010000001001
nat_swap_bits(2046):
0110111011100110111011100101101011010110111011101001111000010110
1101011011010100010101010101010001000101010110110000110011100101
1100101011011101011001010101011110110101011011011001011011010110
0101100101011001010101010101010110000101010101101100010000110101
0101010101011101010111110111111101011000110110101101010111101101
0101110101110011010111111011100101110101010101100101110110010101
0101111001111011000101011011101101111011010101010101010111010101
0101010101011101111011010111100110111001010110010110100101101110
1101010101101101010101010111011001010110010101101111101110111010
0101010110000010110100010110010101011001100101011010100010111011
0110110101111000101101010110111101010101111011100111101100111011
1110111110101011100101010101010101011001100101010110010110010111
0101011001011111110101011111010101010100100101011110110111101101
1001101001010110011001010101101110010001010101011111100010010101
0101001101101101010101010101010101010100011001011101100101010001
0101011101011101010101010101010101100101111101010110010110010101
0101010101010101010101010110010010010101010110110111100111100101
0111001100001110111111101110010101111001010110111101010101011011
1001010110011001110111100101010101101100100111101110011110010101
0101011011010101010101010101010101010101010111100110010101100101
0101010110001110000111010101011001111001010101100101010101010101
0101011011101101010110111001011001110001101001101101010110011110
0101101100010111010100001001010101010101010101110101101011011011
0011101110101101000010011100000101010101000001010111100001001110
1101010101011111000101010101011011100111010101101101101110011001
0101111111010110110110111011100111001001100101100101011110010101
0001110101010101111011100101101010010101010101101011111110011010
0101111001110111100110010101011010010101010101100101011001110010
0111010101010101010101111000001001010101010111000110010111010101
0101010001010111101111011011101001011011001001011011101110100010
1000001101010001101100101110011110111001010100010110011101011010
10101101010101000100101101100101011001010101011011100101011110
gray_swap_bits(2046):
1110011001101110011001101111101001111110011001101011011000111110
0111111001111100111111111111110011001111111110010000010001101111
0100101001110111111011111111110110011111111001111011111001111110
1111101111111011111111111111111110001111111111100100110000011111
1111111111110111111101011101010111111000011110100111111101100111
1111011111010001111101011001101111011111111111101111011110111111
1111011011011001001111111001100111011001111111111111111101111111
1111111111110111011001111101101110011011111110111110101111100110
0111111111100111111111111101111011111110111111100101100110011010
1111111110000010011100111110111111111011101111111010100010011001
1110011111011000100111111110010111111111011001101101100100011001
0110010110101001101111111111111111111011101111111110111110111101
1111111011110101011111110101111111111100101111110110011101100111
1011101011111110111011111111100110110011111111110101100010111111
1111000111100111111111111111111111111100111011110111101111110011
1111110111110111111111111111111111101111010111111110111110111111
1111111111111111111111111110110010111111111110011101101101101111
1101000100000110010101100110111111011011111110010111111111111001
1011111110111011011101101111111111100100101101100110110110111111
1111111001111111111111111111111111111111111101101110111111101111
1111111110000110001101111111111011011011111111101111111111111111
1111111001100111111110011011111011010011101011100111111110110110
1111100100111101111100001011111111111111111111011111101001111001
0001100110100111000010110100001111111111000011111101100011000110
0111111111110101001111111111111001101101111111100111100110111011
1111010101111110011110011001101101001011101111101111110110111111
0011011111111111011001101111101010111111111111101001010110111010
1111011011011101101110111111111010111111111111101111111011010010
1101111111111111111111011000001011111111111101001110111101111111
1111110011111101100101111001101011111001001011111001100110100010
1000000111110011100100100110110110011011111100111110110111111010
10100111111111001100100111101111111011111111111001101111110110
nat_swap_inv_bits(2046):
1001000100011001000100011010010100101001000100010110000111101001
0010100100101011101010101010101110111010101001001111001100011010
0011010100100010100110101010100001001010100100100110100100101001
1010011010100110101010101010101001111010101010010011101111001010
1010101010100010101000001000000010100111001001010010101000010010
1010001010001100101000000100011010001010101010011010001001101010
1010000110000100111010100100010010000100101010101010101000101010
1010101010100010000100101000011001000110101001101001011010010001
0010101010010010101010101000100110101001101010010000010001000101
1010101001111101001011101001101010100110011010100101011101000100
1001001010000111010010101001000010101010000100011000010011000100
0001000001010100011010101010101010100110011010101001101001101000
1010100110100000001010100000101010101011011010100001001000010010
0110010110101001100110101010010001101110101010100000011101101010
1010110010010010101010101010101010101011100110100010011010101110
1010100010100010101010101010101010011010000010101001101001101010
1010101010101010101010101001101101101010101001001000011000011010
1000110011110001000000010001101010000110101001000010101010100100
0110101001100110001000011010101010010011011000010001100001101010
1010100100101010101010101010101010101010101000011001101010011010
1010101001110001111000101010100110000110101010011010101010101010
1010100100010010101001000110100110001110010110010010101001100001
1010010011101000101011110110101010101010101010001010010100100100
1100010001010010111101100011111010101010111110101000011110110001
0010101010100000111010101010100100011000101010010010010001100110
1010000000101001001001000100011000110110011010011010100001101010
1110001010101010000100011010010101101010101010010100000001100101
1010000110001000011001101010100101101010101010011010100110001101
1000101010101010101010000111110110101010101000111001101000101010
1010101110101000010000100100010110100100110110100100010001011101
0111110010101110010011010001100001000110101011101001100010100101
01010010101010111011010010011010100110101010100100011010100001
gray_swap_inv_bits(2046):
0001100110010001100110010000010110000001100110010100100111000001
1000000110000011000000000000001100110000000001101111101110010000
1011010110001000000100000000001001100000000110000100000110000001
0000010000000100000000000000000001110000000000011011001111100000
0000000000001000000010100010101000000111100001011000000010011000
0000100000101110000010100110010000100000000000010000100001000000
0000100100100110110000000110011000100110000000000000000010000000
0000000000001000100110000010010001100100000001000001010000011001
1000000000011000000000000010000100000001000000011010011001100101
0000000001111101100011000001000000000100010000000101011101100110
0001100000100111011000000001101000000000100110010010011011100110
1001101001010110010000000000000000000100010000000001000001000010
0000000100001010100000001010000000000011010000001001100010011000
0100010100000001000100000000011001001100000000001010011101000000
0000111000011000000000000000000000000011000100001000010000001100
0000001000001000000000000000000000010000101000000001000001000000
0000000000000000000000000001001101000000000001100010010010010000
0010111011111001101010011001000000100100000001101000000000000110
0100000001000100100010010000000000011011010010011001001001000000
0000000110000000000000000000000000000000000010010001000000010000
0000000001111001110010000000000100100100000000010000000000000000
0000000110011000000001100100000100101100010100011000000001001001
0000011011000010000011110100000000000000000000100000010110000110
1110011001011000111101001011110000000000111100000010011100111001
1000000000001010110000000000000110010010000000011000011001000100
0000101010000001100001100110010010110100010000010000001001000000
1100100000000000100110010000010101000000000000010110101001000101
0000100100100010010001000000000101000000000000010000000100101101
0010000000000000000000100111110100000000000010110001000010000000
0000001100000010011010000110010100000110110100000110011001011101
0111111000001100011011011001001001100100000011000001001000000101
01011000000000110011011000010000000100000000000110010000001001
nat_rev_swap_bits(2046):
0111101110110111101110110101111110010111101110111101101100010111
1001011110010100010101010101010001000101010111100000100010110101
1000111110011001011101010101011011100101011110011101011110010111
0101110101011101010101010101010111000101010101111000010000100101
0101010101011001010110100110101001011100100111111001010110111001
0101100101100010010110101110110101100101010101110101100111010101
0101101101101110000101011110111001101110010101010101010110010101
0101010101011001101110010110110111101101010111010111110101111011
1001010101111001010101010110011101010111010101111010111011101111
0101010111000011100100010111010101011101110101011111110011101110
0111100101101100111001010111101001010101101110110110111000101110
1011101011111110110101010101010101011101110101010111010111010110
0101011101011010100101011010010101010100110101011011100110111001
1101111101010111011101010101111011010001010101011010110011010101
0101001001111001010101010101010101010100011101011001110101010001
0101011001011001010101010101010101110101101001010111010111010101
0101010101010101010101010111010011010101010111100110110110110101
0110001000001011101010111011010101101101010111101001010101011110
1101010111011101100110110101010101111000110110111011011011010101
0101011110010101010101010101010101010101010110110111010101110101
0101010111001011000110010101011101101101010101110101010101010101
0101011110111001010111101101011101100001111101111001010111011011
0101111000010110010100001101010101010101010101100101111110011110
0010111011111001000011011000000101010101000001010110110001001011
1001010101011010000101010101011110110110010101111001111011011101
0101101010010111100111101110110110001101110101110101011011010101
0001100101010101101110110101111111010101010101111110101011011111
0101101101100110110111010101011111010101010101110101011101100011
0110010101010101010101101100001101010101010110000111010110010101
0101010001010110111010011110111101011110001101011110111011110011
1100001001010001111000111011011011101101010100010111011001011111
11111001010101000100111001110101011101010101011110110101011011
gray_rev_swap_bits(2046):
1101100110011101100110011111010110111101100110010111100100111101
1011110110111100111111111111110011001111111101100000100010011111
1000010110111011110111111111111001101111110110110111110110111101
1111011111110111111111111111111101001111111111011000110000101111
1111111111111011111110101110101011110100101101011011111110011011
1111101111100010111110100110011111101111111111011111101101111111
1111100111100110001111110110011011100110111111111111111110111111
1111111111111011100110111110011101100111111101111101011111011001
1011111111011011111111111110110111111101111111011010011001100101
1111111101000001101100111101111111110111011111110101010001100110
1101101111100100011011111101101011111111100110011110011000100110
1001101001010110011111111111111111110111011111111101111101111110
1111110111111010101111111010111111111100011111111001101110011011
0111010111111101110111111111011001110011111111111010010001111111
1111001011011011111111111111111111111100110111111011011111110011
1111111011111011111111111111111111011111101011111101111101111111
1111111111111111111111111101110001111111111101101110011110011111
1110001000001001101010011001111111100111111101101011111111110110
0111111101110111101110011111111111011000011110011001111001111111
1111110110111111111111111111111111111111111110011101111111011111
1111111101001001001110111111110111100111111111011111111111111111
1111110110011011111101100111110111100011010111011011111101111001
1111011000111110111100000111111111111111111111101111010110110110
0010011001011011000001111000001111111111000011111110010011001001
1011111111111010001111111111110110011110111111011011011001110111
1111101010111101101101100110011110000111011111011111111001111111
0011101111111111100110011111010101111111111111010110101001110101
1111100111101110011101111111110101111111111111011111110111100001
1110111111111111111111100100000111111111111110001101111110111111
1111110011111110011010110110010111110110000111110110011001010001
0100001011110011011000011001111001100111111100111101111011110101
01011011111111001100011011011111110111111111110110011111111001
nat_rev_swap_inv_bits(2046):
1000010001001000010001001010000001101000010001000010010011101000
0110100001101011101010101010101110111010101000011111011101001010
0111000001100110100010101010100100011010100001100010100001101000
1010001010100010101010101010101000111010101010000111101111011010
1010101010100110101001011001010110100011011000000110101001000110
1010011010011101101001010001001010011010101010001010011000101010
1010010010010001111010100001000110010001101010101010101001101010
1010101010100110010001101001001000010010101000101000001010000100
0110101010000110101010101001100010101000101010000101000100010000
1010101000111100011011101000101010100010001010100000001100010001
1000011010010011000110101000010110101010010001001001000111010001
0100010100000001001010101010101010100010001010101000101000101001
1010100010100101011010100101101010101011001010100100011001000110
0010000010101000100010101010000100101110101010100101001100101010
1010110110000110101010101010101010101011100010100110001010101110
1010100110100110101010101010101010001010010110101000101000101010
1010101010101010101010101000101100101010101000011001001001001010
1001110111110100010101000100101010010010101000010110101010100001
0010101000100010011001001010101010000111001001000100100100101010
1010100001101010101010101010101010101010101001001000101010001010
1010101000110100111001101010100010010010101010001010101010101010
1010100001000110101000010010100010011110000010000110101000100100
1010000111101001101011110010101010101010101010011010000001100001
1101000100000110111100100111111010101010111110101001001110110100
0110101010100101111010101010100001001001101010000110000100100010
1010010101101000011000010001001001110010001010001010100100101010
1110011010101010010001001010000000101010101010000001010100100000
1010010010011001001000101010100000101010101010001010100010011100
1001101010101010101010010011110010101010101001111000101001101010
1010101110101001000101100001000010100001110010100001000100001100
0011110110101110000111000100100100010010101011101000100110100000
00000110101010111011000110001010100010101010100001001010100100
gray_rev_swap_inv_bits(2046):
0010011001100010011001100000101001000010011001101000011011000010
0100001001000011000000000000001100110000000010011111011101100000
0111101001000100001000000000000110010000001001001000001001000010
0000100000001000000000000000000010110000000000100111001111010000
0000000000000100000001010001010100001011010010100100000001100100
0000010000011101000001011001100000010000000000100000010010000000
0000011000011001110000001001100100011001000000000000000001000000
0000000000000100011001000001100010011000000010000010100000100110
0100000000100100000000000001001000000010000000100101100110011010
0000000010111110010011000010000000001000100000001010101110011001
0010010000011011100100000010010100000000011001100001100111011001
0110010110101001100000000000000000001000100000000010000010000001
0000001000000101010000000101000000000011100000000110010001100100
1000101000000010001000000000100110001100000000000101101110000000
0000110100100100000000000000000000000011001000000100100000001100
0000000100000100000000000000000000100000010100000010000010000000
0000000000000000000000000010001110000000000010010001100001100000
0001110111110110010101100110000000011000000010010100000000001001
1000000010001000010001100000000000100111100001100110000110000000
0000001001000000000000000000000000000000000001100010000000100000
0000000010110110110001000000001000011000000000100000000000000000
0000001001100100000010011000001000011100101000100100000010000110
0000100111000001000011111000000000000000000000010000101001001001
1101100110100100111110000111110000000000111100000001101100110110
0100000000000101110000000000001001100001000000100100100110001000
0000010101000010010010011001100001111000100000100000000110000000
1100010000000000011001100000101010000000000000101001010110001010
0000011000010001100010000000001010000000000000100000001000011110
0001000000000000000000011011111000000000000001110010000001000000
0000001100000001100101001001101000001001111000001001100110101110
1011110100001100100111100110000110011000000011000010000100001010
10100100000000110011100100100000001000000000001001100000000110
